/*--------------------------------*- C++ -*----------------------------------*\
| =========                 |                                                 |
| \\      /  F ield         | OpenFOAM: The Open Source CFD Toolbox           |
|  \\    /   O peration     | Version:  2512                                  |
|   \\  /    A nd           | Website:  www.openfoam.com                      |
|    \\/     M anipulation  |                                                 |
\*---------------------------------------------------------------------------*/
FoamFile
{
    version     2.0;
    format      ascii;
    arch        "LSB;label=32;scalar=64";
    class       faceList;
    location    "constant/polyMesh";
    object      faces;
}
// * * * * * * * * * * * * * * * * * * * * * * * * * * * * * * * * * * * * * //


2060
(
4(1 52 256 205)
4(51 255 256 52)
4(2 53 257 206)
4(52 256 257 53)
4(3 54 258 207)
4(53 257 258 54)
4(4 55 259 208)
4(54 258 259 55)
4(5 56 260 209)
4(55 259 260 56)
4(6 57 261 210)
4(56 260 261 57)
4(7 58 262 211)
4(57 261 262 58)
4(8 59 263 212)
4(58 262 263 59)
4(9 60 264 213)
4(59 263 264 60)
4(10 61 265 214)
4(60 264 265 61)
4(11 62 266 215)
4(61 265 266 62)
4(12 63 267 216)
4(62 266 267 63)
4(13 64 268 217)
4(63 267 268 64)
4(14 65 269 218)
4(64 268 269 65)
4(15 66 270 219)
4(65 269 270 66)
4(16 67 271 220)
4(66 270 271 67)
4(17 68 272 221)
4(67 271 272 68)
4(18 69 273 222)
4(68 272 273 69)
4(19 70 274 223)
4(69 273 274 70)
4(20 71 275 224)
4(70 274 275 71)
4(21 72 276 225)
4(71 275 276 72)
4(22 73 277 226)
4(72 276 277 73)
4(23 74 278 227)
4(73 277 278 74)
4(24 75 279 228)
4(74 278 279 75)
4(25 76 280 229)
4(75 279 280 76)
4(26 77 281 230)
4(76 280 281 77)
4(27 78 282 231)
4(77 281 282 78)
4(28 79 283 232)
4(78 282 283 79)
4(29 80 284 233)
4(79 283 284 80)
4(30 81 285 234)
4(80 284 285 81)
4(31 82 286 235)
4(81 285 286 82)
4(32 83 287 236)
4(82 286 287 83)
4(33 84 288 237)
4(83 287 288 84)
4(34 85 289 238)
4(84 288 289 85)
4(35 86 290 239)
4(85 289 290 86)
4(36 87 291 240)
4(86 290 291 87)
4(37 88 292 241)
4(87 291 292 88)
4(38 89 293 242)
4(88 292 293 89)
4(39 90 294 243)
4(89 293 294 90)
4(40 91 295 244)
4(90 294 295 91)
4(41 92 296 245)
4(91 295 296 92)
4(42 93 297 246)
4(92 296 297 93)
4(43 94 298 247)
4(93 297 298 94)
4(44 95 299 248)
4(94 298 299 95)
4(45 96 300 249)
4(95 299 300 96)
4(46 97 301 250)
4(96 300 301 97)
4(47 98 302 251)
4(97 301 302 98)
4(48 99 303 252)
4(98 302 303 99)
4(49 100 304 253)
4(99 303 304 100)
4(100 304 305 101)
4(52 103 307 256)
4(102 306 307 103)
4(53 104 308 257)
4(103 307 308 104)
4(54 105 309 258)
4(104 308 309 105)
4(55 106 310 259)
4(105 309 310 106)
4(56 107 311 260)
4(106 310 311 107)
4(57 108 312 261)
4(107 311 312 108)
4(58 109 313 262)
4(108 312 313 109)
4(59 110 314 263)
4(109 313 314 110)
4(60 111 315 264)
4(110 314 315 111)
4(61 112 316 265)
4(111 315 316 112)
4(62 113 317 266)
4(112 316 317 113)
4(63 114 318 267)
4(113 317 318 114)
4(64 115 319 268)
4(114 318 319 115)
4(65 116 320 269)
4(115 319 320 116)
4(66 117 321 270)
4(116 320 321 117)
4(67 118 322 271)
4(117 321 322 118)
4(68 119 323 272)
4(118 322 323 119)
4(69 120 324 273)
4(119 323 324 120)
4(70 121 325 274)
4(120 324 325 121)
4(71 122 326 275)
4(121 325 326 122)
4(72 123 327 276)
4(122 326 327 123)
4(73 124 328 277)
4(123 327 328 124)
4(74 125 329 278)
4(124 328 329 125)
4(75 126 330 279)
4(125 329 330 126)
4(76 127 331 280)
4(126 330 331 127)
4(77 128 332 281)
4(127 331 332 128)
4(78 129 333 282)
4(128 332 333 129)
4(79 130 334 283)
4(129 333 334 130)
4(80 131 335 284)
4(130 334 335 131)
4(81 132 336 285)
4(131 335 336 132)
4(82 133 337 286)
4(132 336 337 133)
4(83 134 338 287)
4(133 337 338 134)
4(84 135 339 288)
4(134 338 339 135)
4(85 136 340 289)
4(135 339 340 136)
4(86 137 341 290)
4(136 340 341 137)
4(87 138 342 291)
4(137 341 342 138)
4(88 139 343 292)
4(138 342 343 139)
4(89 140 344 293)
4(139 343 344 140)
4(90 141 345 294)
4(140 344 345 141)
4(91 142 346 295)
4(141 345 346 142)
4(92 143 347 296)
4(142 346 347 143)
4(93 144 348 297)
4(143 347 348 144)
4(94 145 349 298)
4(144 348 349 145)
4(95 146 350 299)
4(145 349 350 146)
4(96 147 351 300)
4(146 350 351 147)
4(97 148 352 301)
4(147 351 352 148)
4(98 149 353 302)
4(148 352 353 149)
4(99 150 354 303)
4(149 353 354 150)
4(100 151 355 304)
4(150 354 355 151)
4(151 355 356 152)
4(103 154 358 307)
4(153 357 358 154)
4(104 155 359 308)
4(154 358 359 155)
4(105 156 360 309)
4(155 359 360 156)
4(106 157 361 310)
4(156 360 361 157)
4(107 158 362 311)
4(157 361 362 158)
4(108 159 363 312)
4(158 362 363 159)
4(109 160 364 313)
4(159 363 364 160)
4(110 161 365 314)
4(160 364 365 161)
4(111 162 366 315)
4(161 365 366 162)
4(112 163 367 316)
4(162 366 367 163)
4(113 164 368 317)
4(163 367 368 164)
4(114 165 369 318)
4(164 368 369 165)
4(115 166 370 319)
4(165 369 370 166)
4(116 167 371 320)
4(166 370 371 167)
4(117 168 372 321)
4(167 371 372 168)
4(118 169 373 322)
4(168 372 373 169)
4(119 170 374 323)
4(169 373 374 170)
4(120 171 375 324)
4(170 374 375 171)
4(121 172 376 325)
4(171 375 376 172)
4(122 173 377 326)
4(172 376 377 173)
4(123 174 378 327)
4(173 377 378 174)
4(124 175 379 328)
4(174 378 379 175)
4(125 176 380 329)
4(175 379 380 176)
4(126 177 381 330)
4(176 380 381 177)
4(127 178 382 331)
4(177 381 382 178)
4(128 179 383 332)
4(178 382 383 179)
4(129 180 384 333)
4(179 383 384 180)
4(130 181 385 334)
4(180 384 385 181)
4(131 182 386 335)
4(181 385 386 182)
4(132 183 387 336)
4(182 386 387 183)
4(133 184 388 337)
4(183 387 388 184)
4(134 185 389 338)
4(184 388 389 185)
4(135 186 390 339)
4(185 389 390 186)
4(136 187 391 340)
4(186 390 391 187)
4(137 188 392 341)
4(187 391 392 188)
4(138 189 393 342)
4(188 392 393 189)
4(139 190 394 343)
4(189 393 394 190)
4(140 191 395 344)
4(190 394 395 191)
4(141 192 396 345)
4(191 395 396 192)
4(142 193 397 346)
4(192 396 397 193)
4(143 194 398 347)
4(193 397 398 194)
4(144 195 399 348)
4(194 398 399 195)
4(145 196 400 349)
4(195 399 400 196)
4(146 197 401 350)
4(196 400 401 197)
4(147 198 402 351)
4(197 401 402 198)
4(148 199 403 352)
4(198 402 403 199)
4(149 200 404 353)
4(199 403 404 200)
4(150 201 405 354)
4(200 404 405 201)
4(151 202 406 355)
4(201 405 406 202)
4(202 406 407 203)
4(154 409 613 358)
4(408 612 613 409)
4(155 410 614 359)
4(409 613 614 410)
4(156 411 615 360)
4(410 614 615 411)
4(157 412 616 361)
4(411 615 616 412)
4(158 413 617 362)
4(412 616 617 413)
4(159 414 618 363)
4(413 617 618 414)
4(160 415 619 364)
4(414 618 619 415)
4(161 416 620 365)
4(415 619 620 416)
4(162 417 621 366)
4(416 620 621 417)
4(163 418 622 367)
4(417 621 622 418)
4(164 419 623 368)
4(418 622 623 419)
4(165 420 624 369)
4(419 623 624 420)
4(166 421 625 370)
4(420 624 625 421)
4(167 422 626 371)
4(421 625 626 422)
4(168 423 627 372)
4(422 626 627 423)
4(169 424 628 373)
4(423 627 628 424)
4(170 425 629 374)
4(424 628 629 425)
4(171 426 630 375)
4(425 629 630 426)
4(172 427 631 376)
4(426 630 631 427)
4(173 428 632 377)
4(427 631 632 428)
4(174 429 633 378)
4(428 632 633 429)
4(175 430 634 379)
4(429 633 634 430)
4(176 431 635 380)
4(430 634 635 431)
4(177 432 636 381)
4(431 635 636 432)
4(178 433 637 382)
4(432 636 637 433)
4(179 434 638 383)
4(433 637 638 434)
4(180 435 639 384)
4(434 638 639 435)
4(181 436 640 385)
4(435 639 640 436)
4(182 437 641 386)
4(436 640 641 437)
4(183 438 642 387)
4(437 641 642 438)
4(184 439 643 388)
4(438 642 643 439)
4(185 440 644 389)
4(439 643 644 440)
4(186 441 645 390)
4(440 644 645 441)
4(187 442 646 391)
4(441 645 646 442)
4(188 443 647 392)
4(442 646 647 443)
4(189 444 648 393)
4(443 647 648 444)
4(190 445 649 394)
4(444 648 649 445)
4(191 446 650 395)
4(445 649 650 446)
4(192 447 651 396)
4(446 650 651 447)
4(193 448 652 397)
4(447 651 652 448)
4(194 449 653 398)
4(448 652 653 449)
4(195 450 654 399)
4(449 653 654 450)
4(196 451 655 400)
4(450 654 655 451)
4(197 452 656 401)
4(451 655 656 452)
4(198 453 657 402)
4(452 656 657 453)
4(199 454 658 403)
4(453 657 658 454)
4(200 455 659 404)
4(454 658 659 455)
4(201 456 660 405)
4(455 659 660 456)
4(202 457 661 406)
4(456 660 661 457)
4(457 661 662 458)
4(409 460 664 613)
4(459 663 664 460)
4(410 461 665 614)
4(460 664 665 461)
4(411 462 666 615)
4(461 665 666 462)
4(412 463 667 616)
4(462 666 667 463)
4(413 464 668 617)
4(463 667 668 464)
4(414 465 669 618)
4(464 668 669 465)
4(415 466 670 619)
4(465 669 670 466)
4(416 467 671 620)
4(466 670 671 467)
4(417 468 672 621)
4(467 671 672 468)
4(418 469 673 622)
4(468 672 673 469)
4(419 470 674 623)
4(469 673 674 470)
4(420 471 675 624)
4(470 674 675 471)
4(421 472 676 625)
4(471 675 676 472)
4(422 473 677 626)
4(472 676 677 473)
4(423 474 678 627)
4(473 677 678 474)
4(424 475 679 628)
4(474 678 679 475)
4(425 476 680 629)
4(475 679 680 476)
4(426 477 681 630)
4(476 680 681 477)
4(427 478 682 631)
4(477 681 682 478)
4(428 479 683 632)
4(478 682 683 479)
4(429 480 684 633)
4(479 683 684 480)
4(430 481 685 634)
4(480 684 685 481)
4(431 482 686 635)
4(481 685 686 482)
4(432 483 687 636)
4(482 686 687 483)
4(433 484 688 637)
4(483 687 688 484)
4(434 485 689 638)
4(484 688 689 485)
4(435 486 690 639)
4(485 689 690 486)
4(436 487 691 640)
4(486 690 691 487)
4(437 488 692 641)
4(487 691 692 488)
4(438 489 693 642)
4(488 692 693 489)
4(439 490 694 643)
4(489 693 694 490)
4(440 491 695 644)
4(490 694 695 491)
4(441 492 696 645)
4(491 695 696 492)
4(442 493 697 646)
4(492 696 697 493)
4(443 494 698 647)
4(493 697 698 494)
4(444 495 699 648)
4(494 698 699 495)
4(445 496 700 649)
4(495 699 700 496)
4(446 497 701 650)
4(496 700 701 497)
4(447 498 702 651)
4(497 701 702 498)
4(448 499 703 652)
4(498 702 703 499)
4(449 500 704 653)
4(499 703 704 500)
4(450 501 705 654)
4(500 704 705 501)
4(451 502 706 655)
4(501 705 706 502)
4(452 503 707 656)
4(502 706 707 503)
4(453 504 708 657)
4(503 707 708 504)
4(454 505 709 658)
4(504 708 709 505)
4(455 506 710 659)
4(505 709 710 506)
4(456 507 711 660)
4(506 710 711 507)
4(457 508 712 661)
4(507 711 712 508)
4(508 712 713 509)
4(460 511 715 664)
4(510 714 715 511)
4(461 512 716 665)
4(511 715 716 512)
4(462 513 717 666)
4(512 716 717 513)
4(463 514 718 667)
4(513 717 718 514)
4(464 515 719 668)
4(514 718 719 515)
4(465 516 720 669)
4(515 719 720 516)
4(466 517 721 670)
4(516 720 721 517)
4(467 518 722 671)
4(517 721 722 518)
4(468 519 723 672)
4(518 722 723 519)
4(469 520 724 673)
4(519 723 724 520)
4(470 521 725 674)
4(520 724 725 521)
4(471 522 726 675)
4(521 725 726 522)
4(472 523 727 676)
4(522 726 727 523)
4(473 524 728 677)
4(523 727 728 524)
4(474 525 729 678)
4(524 728 729 525)
4(475 526 730 679)
4(525 729 730 526)
4(476 527 731 680)
4(526 730 731 527)
4(477 528 732 681)
4(527 731 732 528)
4(478 529 733 682)
4(528 732 733 529)
4(479 530 734 683)
4(529 733 734 530)
4(480 531 735 684)
4(530 734 735 531)
4(481 532 736 685)
4(531 735 736 532)
4(482 533 737 686)
4(532 736 737 533)
4(483 534 738 687)
4(533 737 738 534)
4(484 535 739 688)
4(534 738 739 535)
4(485 536 740 689)
4(535 739 740 536)
4(486 537 741 690)
4(536 740 741 537)
4(487 538 742 691)
4(537 741 742 538)
4(488 539 743 692)
4(538 742 743 539)
4(489 540 744 693)
4(539 743 744 540)
4(490 541 745 694)
4(540 744 745 541)
4(491 542 746 695)
4(541 745 746 542)
4(492 543 747 696)
4(542 746 747 543)
4(493 544 748 697)
4(543 747 748 544)
4(494 545 749 698)
4(544 748 749 545)
4(495 546 750 699)
4(545 749 750 546)
4(496 547 751 700)
4(546 750 751 547)
4(497 548 752 701)
4(547 751 752 548)
4(498 549 753 702)
4(548 752 753 549)
4(499 550 754 703)
4(549 753 754 550)
4(500 551 755 704)
4(550 754 755 551)
4(501 552 756 705)
4(551 755 756 552)
4(502 553 757 706)
4(552 756 757 553)
4(503 554 758 707)
4(553 757 758 554)
4(504 555 759 708)
4(554 758 759 555)
4(505 556 760 709)
4(555 759 760 556)
4(506 557 761 710)
4(556 760 761 557)
4(507 558 762 711)
4(557 761 762 558)
4(508 559 763 712)
4(558 762 763 559)
4(559 763 764 560)
4(511 562 766 715)
4(561 765 766 562)
4(512 563 767 716)
4(562 766 767 563)
4(513 564 768 717)
4(563 767 768 564)
4(514 565 769 718)
4(564 768 769 565)
4(515 566 770 719)
4(565 769 770 566)
4(516 567 771 720)
4(566 770 771 567)
4(517 568 772 721)
4(567 771 772 568)
4(518 569 773 722)
4(568 772 773 569)
4(519 570 774 723)
4(569 773 774 570)
4(520 571 775 724)
4(570 774 775 571)
4(521 572 776 725)
4(571 775 776 572)
4(522 573 777 726)
4(572 776 777 573)
4(523 574 778 727)
4(573 777 778 574)
4(524 575 779 728)
4(574 778 779 575)
4(525 576 780 729)
4(575 779 780 576)
4(526 577 781 730)
4(576 780 781 577)
4(527 578 782 731)
4(577 781 782 578)
4(528 579 783 732)
4(578 782 783 579)
4(529 580 784 733)
4(579 783 784 580)
4(530 581 785 734)
4(580 784 785 581)
4(531 582 786 735)
4(581 785 786 582)
4(532 583 787 736)
4(582 786 787 583)
4(533 584 788 737)
4(583 787 788 584)
4(534 585 789 738)
4(584 788 789 585)
4(535 586 790 739)
4(585 789 790 586)
4(536 587 791 740)
4(586 790 791 587)
4(537 588 792 741)
4(587 791 792 588)
4(538 589 793 742)
4(588 792 793 589)
4(539 590 794 743)
4(589 793 794 590)
4(540 591 795 744)
4(590 794 795 591)
4(541 592 796 745)
4(591 795 796 592)
4(542 593 797 746)
4(592 796 797 593)
4(543 594 798 747)
4(593 797 798 594)
4(544 595 799 748)
4(594 798 799 595)
4(545 596 800 749)
4(595 799 800 596)
4(546 597 801 750)
4(596 800 801 597)
4(547 598 802 751)
4(597 801 802 598)
4(548 599 803 752)
4(598 802 803 599)
4(549 600 804 753)
4(599 803 804 600)
4(550 601 805 754)
4(600 804 805 601)
4(551 602 806 755)
4(601 805 806 602)
4(552 603 807 756)
4(602 806 807 603)
4(553 604 808 757)
4(603 807 808 604)
4(554 605 809 758)
4(604 808 809 605)
4(555 606 810 759)
4(605 809 810 606)
4(556 607 811 760)
4(606 810 811 607)
4(557 608 812 761)
4(607 811 812 608)
4(558 609 813 762)
4(608 812 813 609)
4(559 610 814 763)
4(609 813 814 610)
4(610 814 815 611)
4(562 817 970 766)
4(816 969 970 817)
4(563 818 971 767)
4(817 970 971 818)
4(564 819 972 768)
4(818 971 972 819)
4(565 820 973 769)
4(819 972 973 820)
4(566 821 974 770)
4(820 973 974 821)
4(567 822 975 771)
4(821 974 975 822)
4(568 823 976 772)
4(822 975 976 823)
4(569 824 977 773)
4(823 976 977 824)
4(570 825 978 774)
4(824 977 978 825)
4(571 826 979 775)
4(825 978 979 826)
4(572 827 980 776)
4(826 979 980 827)
4(573 828 981 777)
4(827 980 981 828)
4(574 829 982 778)
4(828 981 982 829)
4(575 830 983 779)
4(829 982 983 830)
4(576 831 984 780)
4(830 983 984 831)
4(577 832 985 781)
4(831 984 985 832)
4(578 833 986 782)
4(832 985 986 833)
4(579 834 987 783)
4(833 986 987 834)
4(580 835 988 784)
4(834 987 988 835)
4(581 836 989 785)
4(835 988 989 836)
4(582 837 990 786)
4(836 989 990 837)
4(583 838 991 787)
4(837 990 991 838)
4(584 839 992 788)
4(838 991 992 839)
4(585 840 993 789)
4(839 992 993 840)
4(586 841 994 790)
4(840 993 994 841)
4(587 842 995 791)
4(841 994 995 842)
4(588 843 996 792)
4(842 995 996 843)
4(589 844 997 793)
4(843 996 997 844)
4(590 845 998 794)
4(844 997 998 845)
4(591 846 999 795)
4(845 998 999 846)
4(592 847 1000 796)
4(846 999 1000 847)
4(593 848 1001 797)
4(847 1000 1001 848)
4(594 849 1002 798)
4(848 1001 1002 849)
4(595 850 1003 799)
4(849 1002 1003 850)
4(596 851 1004 800)
4(850 1003 1004 851)
4(597 852 1005 801)
4(851 1004 1005 852)
4(598 853 1006 802)
4(852 1005 1006 853)
4(599 854 1007 803)
4(853 1006 1007 854)
4(600 855 1008 804)
4(854 1007 1008 855)
4(601 856 1009 805)
4(855 1008 1009 856)
4(602 857 1010 806)
4(856 1009 1010 857)
4(603 858 1011 807)
4(857 1010 1011 858)
4(604 859 1012 808)
4(858 1011 1012 859)
4(605 860 1013 809)
4(859 1012 1013 860)
4(606 861 1014 810)
4(860 1013 1014 861)
4(607 862 1015 811)
4(861 1014 1015 862)
4(608 863 1016 812)
4(862 1015 1016 863)
4(609 864 1017 813)
4(863 1016 1017 864)
4(610 865 1018 814)
4(864 1017 1018 865)
4(865 1018 1019 866)
4(817 868 1021 970)
4(867 1020 1021 868)
4(818 869 1022 971)
4(868 1021 1022 869)
4(819 870 1023 972)
4(869 1022 1023 870)
4(820 871 1024 973)
4(870 1023 1024 871)
4(821 872 1025 974)
4(871 1024 1025 872)
4(822 873 1026 975)
4(872 1025 1026 873)
4(823 874 1027 976)
4(873 1026 1027 874)
4(824 875 1028 977)
4(874 1027 1028 875)
4(825 876 1029 978)
4(875 1028 1029 876)
4(826 877 1030 979)
4(876 1029 1030 877)
4(827 878 1031 980)
4(877 1030 1031 878)
4(828 879 1032 981)
4(878 1031 1032 879)
4(829 880 1033 982)
4(879 1032 1033 880)
4(830 881 1034 983)
4(880 1033 1034 881)
4(831 882 1035 984)
4(881 1034 1035 882)
4(832 883 1036 985)
4(882 1035 1036 883)
4(833 884 1037 986)
4(883 1036 1037 884)
4(834 885 1038 987)
4(884 1037 1038 885)
4(835 886 1039 988)
4(885 1038 1039 886)
4(836 887 1040 989)
4(886 1039 1040 887)
4(837 888 1041 990)
4(887 1040 1041 888)
4(838 889 1042 991)
4(888 1041 1042 889)
4(839 890 1043 992)
4(889 1042 1043 890)
4(840 891 1044 993)
4(890 1043 1044 891)
4(841 892 1045 994)
4(891 1044 1045 892)
4(842 893 1046 995)
4(892 1045 1046 893)
4(843 894 1047 996)
4(893 1046 1047 894)
4(844 895 1048 997)
4(894 1047 1048 895)
4(845 896 1049 998)
4(895 1048 1049 896)
4(846 897 1050 999)
4(896 1049 1050 897)
4(847 898 1051 1000)
4(897 1050 1051 898)
4(848 899 1052 1001)
4(898 1051 1052 899)
4(849 900 1053 1002)
4(899 1052 1053 900)
4(850 901 1054 1003)
4(900 1053 1054 901)
4(851 902 1055 1004)
4(901 1054 1055 902)
4(852 903 1056 1005)
4(902 1055 1056 903)
4(853 904 1057 1006)
4(903 1056 1057 904)
4(854 905 1058 1007)
4(904 1057 1058 905)
4(855 906 1059 1008)
4(905 1058 1059 906)
4(856 907 1060 1009)
4(906 1059 1060 907)
4(857 908 1061 1010)
4(907 1060 1061 908)
4(858 909 1062 1011)
4(908 1061 1062 909)
4(859 910 1063 1012)
4(909 1062 1063 910)
4(860 911 1064 1013)
4(910 1063 1064 911)
4(861 912 1065 1014)
4(911 1064 1065 912)
4(862 913 1066 1015)
4(912 1065 1066 913)
4(863 914 1067 1016)
4(913 1066 1067 914)
4(864 915 1068 1017)
4(914 1067 1068 915)
4(865 916 1069 1018)
4(915 1068 1069 916)
4(916 1069 1070 917)
4(868 919 1072 1021)
4(869 920 1073 1022)
4(870 921 1074 1023)
4(871 922 1075 1024)
4(872 923 1076 1025)
4(873 924 1077 1026)
4(874 925 1078 1027)
4(875 926 1079 1028)
4(876 927 1080 1029)
4(877 928 1081 1030)
4(878 929 1082 1031)
4(879 930 1083 1032)
4(880 931 1084 1033)
4(881 932 1085 1034)
4(882 933 1086 1035)
4(883 934 1087 1036)
4(884 935 1088 1037)
4(885 936 1089 1038)
4(886 937 1090 1039)
4(887 938 1091 1040)
4(888 939 1092 1041)
4(889 940 1093 1042)
4(890 941 1094 1043)
4(891 942 1095 1044)
4(892 943 1096 1045)
4(893 944 1097 1046)
4(894 945 1098 1047)
4(895 946 1099 1048)
4(896 947 1100 1049)
4(897 948 1101 1050)
4(898 949 1102 1051)
4(899 950 1103 1052)
4(900 951 1104 1053)
4(901 952 1105 1054)
4(902 953 1106 1055)
4(903 954 1107 1056)
4(904 955 1108 1057)
4(905 956 1109 1058)
4(906 957 1110 1059)
4(907 958 1111 1060)
4(908 959 1112 1061)
4(909 960 1113 1062)
4(910 961 1114 1063)
4(911 962 1115 1064)
4(912 963 1116 1065)
4(913 964 1117 1066)
4(914 965 1118 1067)
4(915 966 1119 1068)
4(916 967 1120 1069)
4(0 204 255 51)
4(51 255 306 102)
4(102 306 357 153)
4(153 357 612 408)
4(408 612 663 459)
4(459 663 714 510)
4(510 714 765 561)
4(561 765 969 816)
4(816 969 1020 867)
4(867 1020 1071 918)
4(50 101 305 254)
4(101 152 356 305)
4(152 203 407 356)
4(203 458 662 407)
4(458 509 713 662)
4(509 560 764 713)
4(560 611 815 764)
4(611 866 1019 815)
4(866 917 1070 1019)
4(917 968 1121 1070)
4(0 1 205 204)
4(1 2 206 205)
4(2 3 207 206)
4(3 4 208 207)
4(4 5 209 208)
4(5 6 210 209)
4(6 7 211 210)
4(7 8 212 211)
4(8 9 213 212)
4(9 10 214 213)
4(10 11 215 214)
4(11 12 216 215)
4(12 13 217 216)
4(13 14 218 217)
4(14 15 219 218)
4(15 16 220 219)
4(16 17 221 220)
4(17 18 222 221)
4(18 19 223 222)
4(19 20 224 223)
4(20 21 225 224)
4(21 22 226 225)
4(22 23 227 226)
4(23 24 228 227)
4(24 25 229 228)
4(25 26 230 229)
4(26 27 231 230)
4(27 28 232 231)
4(28 29 233 232)
4(29 30 234 233)
4(30 31 235 234)
4(31 32 236 235)
4(32 33 237 236)
4(33 34 238 237)
4(34 35 239 238)
4(35 36 240 239)
4(36 37 241 240)
4(37 38 242 241)
4(38 39 243 242)
4(39 40 244 243)
4(40 41 245 244)
4(41 42 246 245)
4(42 43 247 246)
4(43 44 248 247)
4(44 45 249 248)
4(45 46 250 249)
4(46 47 251 250)
4(47 48 252 251)
4(48 49 253 252)
4(49 50 254 253)
4(918 1071 1072 919)
4(919 1072 1073 920)
4(920 1073 1074 921)
4(921 1074 1075 922)
4(922 1075 1076 923)
4(923 1076 1077 924)
4(924 1077 1078 925)
4(925 1078 1079 926)
4(926 1079 1080 927)
4(927 1080 1081 928)
4(928 1081 1082 929)
4(929 1082 1083 930)
4(930 1083 1084 931)
4(931 1084 1085 932)
4(932 1085 1086 933)
4(933 1086 1087 934)
4(934 1087 1088 935)
4(935 1088 1089 936)
4(936 1089 1090 937)
4(937 1090 1091 938)
4(938 1091 1092 939)
4(939 1092 1093 940)
4(940 1093 1094 941)
4(941 1094 1095 942)
4(942 1095 1096 943)
4(943 1096 1097 944)
4(944 1097 1098 945)
4(945 1098 1099 946)
4(946 1099 1100 947)
4(947 1100 1101 948)
4(948 1101 1102 949)
4(949 1102 1103 950)
4(950 1103 1104 951)
4(951 1104 1105 952)
4(952 1105 1106 953)
4(953 1106 1107 954)
4(954 1107 1108 955)
4(955 1108 1109 956)
4(956 1109 1110 957)
4(957 1110 1111 958)
4(958 1111 1112 959)
4(959 1112 1113 960)
4(960 1113 1114 961)
4(961 1114 1115 962)
4(962 1115 1116 963)
4(963 1116 1117 964)
4(964 1117 1118 965)
4(965 1118 1119 966)
4(966 1119 1120 967)
4(967 1120 1121 968)
4(0 51 52 1)
4(51 102 103 52)
4(102 153 154 103)
4(1 52 53 2)
4(52 103 104 53)
4(103 154 155 104)
4(2 53 54 3)
4(53 104 105 54)
4(104 155 156 105)
4(3 54 55 4)
4(54 105 106 55)
4(105 156 157 106)
4(4 55 56 5)
4(55 106 107 56)
4(106 157 158 107)
4(5 56 57 6)
4(56 107 108 57)
4(107 158 159 108)
4(6 57 58 7)
4(57 108 109 58)
4(108 159 160 109)
4(7 58 59 8)
4(58 109 110 59)
4(109 160 161 110)
4(8 59 60 9)
4(59 110 111 60)
4(110 161 162 111)
4(9 60 61 10)
4(60 111 112 61)
4(111 162 163 112)
4(10 61 62 11)
4(61 112 113 62)
4(112 163 164 113)
4(11 62 63 12)
4(62 113 114 63)
4(113 164 165 114)
4(12 63 64 13)
4(63 114 115 64)
4(114 165 166 115)
4(13 64 65 14)
4(64 115 116 65)
4(115 166 167 116)
4(14 65 66 15)
4(65 116 117 66)
4(116 167 168 117)
4(15 66 67 16)
4(66 117 118 67)
4(117 168 169 118)
4(16 67 68 17)
4(67 118 119 68)
4(118 169 170 119)
4(17 68 69 18)
4(68 119 120 69)
4(119 170 171 120)
4(18 69 70 19)
4(69 120 121 70)
4(120 171 172 121)
4(19 70 71 20)
4(70 121 122 71)
4(121 172 173 122)
4(20 71 72 21)
4(71 122 123 72)
4(122 173 174 123)
4(21 72 73 22)
4(72 123 124 73)
4(123 174 175 124)
4(22 73 74 23)
4(73 124 125 74)
4(124 175 176 125)
4(23 74 75 24)
4(74 125 126 75)
4(125 176 177 126)
4(24 75 76 25)
4(75 126 127 76)
4(126 177 178 127)
4(25 76 77 26)
4(76 127 128 77)
4(127 178 179 128)
4(26 77 78 27)
4(77 128 129 78)
4(128 179 180 129)
4(27 78 79 28)
4(78 129 130 79)
4(129 180 181 130)
4(28 79 80 29)
4(79 130 131 80)
4(130 181 182 131)
4(29 80 81 30)
4(80 131 132 81)
4(131 182 183 132)
4(30 81 82 31)
4(81 132 133 82)
4(132 183 184 133)
4(31 82 83 32)
4(82 133 134 83)
4(133 184 185 134)
4(32 83 84 33)
4(83 134 135 84)
4(134 185 186 135)
4(33 84 85 34)
4(84 135 136 85)
4(135 186 187 136)
4(34 85 86 35)
4(85 136 137 86)
4(136 187 188 137)
4(35 86 87 36)
4(86 137 138 87)
4(137 188 189 138)
4(36 87 88 37)
4(87 138 139 88)
4(138 189 190 139)
4(37 88 89 38)
4(88 139 140 89)
4(139 190 191 140)
4(38 89 90 39)
4(89 140 141 90)
4(140 191 192 141)
4(39 90 91 40)
4(90 141 142 91)
4(141 192 193 142)
4(40 91 92 41)
4(91 142 143 92)
4(142 193 194 143)
4(41 92 93 42)
4(92 143 144 93)
4(143 194 195 144)
4(42 93 94 43)
4(93 144 145 94)
4(144 195 196 145)
4(43 94 95 44)
4(94 145 146 95)
4(145 196 197 146)
4(44 95 96 45)
4(95 146 147 96)
4(146 197 198 147)
4(45 96 97 46)
4(96 147 148 97)
4(147 198 199 148)
4(46 97 98 47)
4(97 148 149 98)
4(148 199 200 149)
4(47 98 99 48)
4(98 149 150 99)
4(149 200 201 150)
4(48 99 100 49)
4(99 150 151 100)
4(150 201 202 151)
4(49 100 101 50)
4(100 151 152 101)
4(151 202 203 152)
4(153 408 409 154)
4(408 459 460 409)
4(459 510 511 460)
4(510 561 562 511)
4(154 409 410 155)
4(409 460 461 410)
4(460 511 512 461)
4(511 562 563 512)
4(155 410 411 156)
4(410 461 462 411)
4(461 512 513 462)
4(512 563 564 513)
4(156 411 412 157)
4(411 462 463 412)
4(462 513 514 463)
4(513 564 565 514)
4(157 412 413 158)
4(412 463 464 413)
4(463 514 515 464)
4(514 565 566 515)
4(158 413 414 159)
4(413 464 465 414)
4(464 515 516 465)
4(515 566 567 516)
4(159 414 415 160)
4(414 465 466 415)
4(465 516 517 466)
4(516 567 568 517)
4(160 415 416 161)
4(415 466 467 416)
4(466 517 518 467)
4(517 568 569 518)
4(161 416 417 162)
4(416 467 468 417)
4(467 518 519 468)
4(518 569 570 519)
4(162 417 418 163)
4(417 468 469 418)
4(468 519 520 469)
4(519 570 571 520)
4(163 418 419 164)
4(418 469 470 419)
4(469 520 521 470)
4(520 571 572 521)
4(164 419 420 165)
4(419 470 471 420)
4(470 521 522 471)
4(521 572 573 522)
4(165 420 421 166)
4(420 471 472 421)
4(471 522 523 472)
4(522 573 574 523)
4(166 421 422 167)
4(421 472 473 422)
4(472 523 524 473)
4(523 574 575 524)
4(167 422 423 168)
4(422 473 474 423)
4(473 524 525 474)
4(524 575 576 525)
4(168 423 424 169)
4(423 474 475 424)
4(474 525 526 475)
4(525 576 577 526)
4(169 424 425 170)
4(424 475 476 425)
4(475 526 527 476)
4(526 577 578 527)
4(170 425 426 171)
4(425 476 477 426)
4(476 527 528 477)
4(527 578 579 528)
4(171 426 427 172)
4(426 477 478 427)
4(477 528 529 478)
4(528 579 580 529)
4(172 427 428 173)
4(427 478 479 428)
4(478 529 530 479)
4(529 580 581 530)
4(173 428 429 174)
4(428 479 480 429)
4(479 530 531 480)
4(530 581 582 531)
4(174 429 430 175)
4(429 480 481 430)
4(480 531 532 481)
4(531 582 583 532)
4(175 430 431 176)
4(430 481 482 431)
4(481 532 533 482)
4(532 583 584 533)
4(176 431 432 177)
4(431 482 483 432)
4(482 533 534 483)
4(533 584 585 534)
4(177 432 433 178)
4(432 483 484 433)
4(483 534 535 484)
4(534 585 586 535)
4(178 433 434 179)
4(433 484 485 434)
4(484 535 536 485)
4(535 586 587 536)
4(179 434 435 180)
4(434 485 486 435)
4(485 536 537 486)
4(536 587 588 537)
4(180 435 436 181)
4(435 486 487 436)
4(486 537 538 487)
4(537 588 589 538)
4(181 436 437 182)
4(436 487 488 437)
4(487 538 539 488)
4(538 589 590 539)
4(182 437 438 183)
4(437 488 489 438)
4(488 539 540 489)
4(539 590 591 540)
4(183 438 439 184)
4(438 489 490 439)
4(489 540 541 490)
4(540 591 592 541)
4(184 439 440 185)
4(439 490 491 440)
4(490 541 542 491)
4(541 592 593 542)
4(185 440 441 186)
4(440 491 492 441)
4(491 542 543 492)
4(542 593 594 543)
4(186 441 442 187)
4(441 492 493 442)
4(492 543 544 493)
4(543 594 595 544)
4(187 442 443 188)
4(442 493 494 443)
4(493 544 545 494)
4(544 595 596 545)
4(188 443 444 189)
4(443 494 495 444)
4(494 545 546 495)
4(545 596 597 546)
4(189 444 445 190)
4(444 495 496 445)
4(495 546 547 496)
4(546 597 598 547)
4(190 445 446 191)
4(445 496 497 446)
4(496 547 548 497)
4(547 598 599 548)
4(191 446 447 192)
4(446 497 498 447)
4(497 548 549 498)
4(548 599 600 549)
4(192 447 448 193)
4(447 498 499 448)
4(498 549 550 499)
4(549 600 601 550)
4(193 448 449 194)
4(448 499 500 449)
4(499 550 551 500)
4(550 601 602 551)
4(194 449 450 195)
4(449 500 501 450)
4(500 551 552 501)
4(551 602 603 552)
4(195 450 451 196)
4(450 501 502 451)
4(501 552 553 502)
4(552 603 604 553)
4(196 451 452 197)
4(451 502 503 452)
4(502 553 554 503)
4(553 604 605 554)
4(197 452 453 198)
4(452 503 504 453)
4(503 554 555 504)
4(554 605 606 555)
4(198 453 454 199)
4(453 504 505 454)
4(504 555 556 505)
4(555 606 607 556)
4(199 454 455 200)
4(454 505 506 455)
4(505 556 557 506)
4(556 607 608 557)
4(200 455 456 201)
4(455 506 507 456)
4(506 557 558 507)
4(557 608 609 558)
4(201 456 457 202)
4(456 507 508 457)
4(507 558 559 508)
4(558 609 610 559)
4(202 457 458 203)
4(457 508 509 458)
4(508 559 560 509)
4(559 610 611 560)
4(561 816 817 562)
4(816 867 868 817)
4(867 918 919 868)
4(562 817 818 563)
4(817 868 869 818)
4(868 919 920 869)
4(563 818 819 564)
4(818 869 870 819)
4(869 920 921 870)
4(564 819 820 565)
4(819 870 871 820)
4(870 921 922 871)
4(565 820 821 566)
4(820 871 872 821)
4(871 922 923 872)
4(566 821 822 567)
4(821 872 873 822)
4(872 923 924 873)
4(567 822 823 568)
4(822 873 874 823)
4(873 924 925 874)
4(568 823 824 569)
4(823 874 875 824)
4(874 925 926 875)
4(569 824 825 570)
4(824 875 876 825)
4(875 926 927 876)
4(570 825 826 571)
4(825 876 877 826)
4(876 927 928 877)
4(571 826 827 572)
4(826 877 878 827)
4(877 928 929 878)
4(572 827 828 573)
4(827 878 879 828)
4(878 929 930 879)
4(573 828 829 574)
4(828 879 880 829)
4(879 930 931 880)
4(574 829 830 575)
4(829 880 881 830)
4(880 931 932 881)
4(575 830 831 576)
4(830 881 882 831)
4(881 932 933 882)
4(576 831 832 577)
4(831 882 883 832)
4(882 933 934 883)
4(577 832 833 578)
4(832 883 884 833)
4(883 934 935 884)
4(578 833 834 579)
4(833 884 885 834)
4(884 935 936 885)
4(579 834 835 580)
4(834 885 886 835)
4(885 936 937 886)
4(580 835 836 581)
4(835 886 887 836)
4(886 937 938 887)
4(581 836 837 582)
4(836 887 888 837)
4(887 938 939 888)
4(582 837 838 583)
4(837 888 889 838)
4(888 939 940 889)
4(583 838 839 584)
4(838 889 890 839)
4(889 940 941 890)
4(584 839 840 585)
4(839 890 891 840)
4(890 941 942 891)
4(585 840 841 586)
4(840 891 892 841)
4(891 942 943 892)
4(586 841 842 587)
4(841 892 893 842)
4(892 943 944 893)
4(587 842 843 588)
4(842 893 894 843)
4(893 944 945 894)
4(588 843 844 589)
4(843 894 895 844)
4(894 945 946 895)
4(589 844 845 590)
4(844 895 896 845)
4(895 946 947 896)
4(590 845 846 591)
4(845 896 897 846)
4(896 947 948 897)
4(591 846 847 592)
4(846 897 898 847)
4(897 948 949 898)
4(592 847 848 593)
4(847 898 899 848)
4(898 949 950 899)
4(593 848 849 594)
4(848 899 900 849)
4(899 950 951 900)
4(594 849 850 595)
4(849 900 901 850)
4(900 951 952 901)
4(595 850 851 596)
4(850 901 902 851)
4(901 952 953 902)
4(596 851 852 597)
4(851 902 903 852)
4(902 953 954 903)
4(597 852 853 598)
4(852 903 904 853)
4(903 954 955 904)
4(598 853 854 599)
4(853 904 905 854)
4(904 955 956 905)
4(599 854 855 600)
4(854 905 906 855)
4(905 956 957 906)
4(600 855 856 601)
4(855 906 907 856)
4(906 957 958 907)
4(601 856 857 602)
4(856 907 908 857)
4(907 958 959 908)
4(602 857 858 603)
4(857 908 909 858)
4(908 959 960 909)
4(603 858 859 604)
4(858 909 910 859)
4(909 960 961 910)
4(604 859 860 605)
4(859 910 911 860)
4(910 961 962 911)
4(605 860 861 606)
4(860 911 912 861)
4(911 962 963 912)
4(606 861 862 607)
4(861 912 913 862)
4(912 963 964 913)
4(607 862 863 608)
4(862 913 914 863)
4(913 964 965 914)
4(608 863 864 609)
4(863 914 915 864)
4(914 965 966 915)
4(609 864 865 610)
4(864 915 916 865)
4(915 966 967 916)
4(610 865 866 611)
4(865 916 917 866)
4(916 967 968 917)
4(204 205 256 255)
4(255 256 307 306)
4(306 307 358 357)
4(205 206 257 256)
4(256 257 308 307)
4(307 308 359 358)
4(206 207 258 257)
4(257 258 309 308)
4(308 309 360 359)
4(207 208 259 258)
4(258 259 310 309)
4(309 310 361 360)
4(208 209 260 259)
4(259 260 311 310)
4(310 311 362 361)
4(209 210 261 260)
4(260 261 312 311)
4(311 312 363 362)
4(210 211 262 261)
4(261 262 313 312)
4(312 313 364 363)
4(211 212 263 262)
4(262 263 314 313)
4(313 314 365 364)
4(212 213 264 263)
4(263 264 315 314)
4(314 315 366 365)
4(213 214 265 264)
4(264 265 316 315)
4(315 316 367 366)
4(214 215 266 265)
4(265 266 317 316)
4(316 317 368 367)
4(215 216 267 266)
4(266 267 318 317)
4(317 318 369 368)
4(216 217 268 267)
4(267 268 319 318)
4(318 319 370 369)
4(217 218 269 268)
4(268 269 320 319)
4(319 320 371 370)
4(218 219 270 269)
4(269 270 321 320)
4(320 321 372 371)
4(219 220 271 270)
4(270 271 322 321)
4(321 322 373 372)
4(220 221 272 271)
4(271 272 323 322)
4(322 323 374 373)
4(221 222 273 272)
4(272 273 324 323)
4(323 324 375 374)
4(222 223 274 273)
4(273 274 325 324)
4(324 325 376 375)
4(223 224 275 274)
4(274 275 326 325)
4(325 326 377 376)
4(224 225 276 275)
4(275 276 327 326)
4(326 327 378 377)
4(225 226 277 276)
4(276 277 328 327)
4(327 328 379 378)
4(226 227 278 277)
4(277 278 329 328)
4(328 329 380 379)
4(227 228 279 278)
4(278 279 330 329)
4(329 330 381 380)
4(228 229 280 279)
4(279 280 331 330)
4(330 331 382 381)
4(229 230 281 280)
4(280 281 332 331)
4(331 332 383 382)
4(230 231 282 281)
4(281 282 333 332)
4(332 333 384 383)
4(231 232 283 282)
4(282 283 334 333)
4(333 334 385 384)
4(232 233 284 283)
4(283 284 335 334)
4(334 335 386 385)
4(233 234 285 284)
4(284 285 336 335)
4(335 336 387 386)
4(234 235 286 285)
4(285 286 337 336)
4(336 337 388 387)
4(235 236 287 286)
4(286 287 338 337)
4(337 338 389 388)
4(236 237 288 287)
4(287 288 339 338)
4(338 339 390 389)
4(237 238 289 288)
4(288 289 340 339)
4(339 340 391 390)
4(238 239 290 289)
4(289 290 341 340)
4(340 341 392 391)
4(239 240 291 290)
4(290 291 342 341)
4(341 342 393 392)
4(240 241 292 291)
4(291 292 343 342)
4(342 343 394 393)
4(241 242 293 292)
4(292 293 344 343)
4(343 344 395 394)
4(242 243 294 293)
4(293 294 345 344)
4(344 345 396 395)
4(243 244 295 294)
4(294 295 346 345)
4(345 346 397 396)
4(244 245 296 295)
4(295 296 347 346)
4(346 347 398 397)
4(245 246 297 296)
4(296 297 348 347)
4(347 348 399 398)
4(246 247 298 297)
4(297 298 349 348)
4(348 349 400 399)
4(247 248 299 298)
4(298 299 350 349)
4(349 350 401 400)
4(248 249 300 299)
4(299 300 351 350)
4(350 351 402 401)
4(249 250 301 300)
4(300 301 352 351)
4(351 352 403 402)
4(250 251 302 301)
4(301 302 353 352)
4(352 353 404 403)
4(251 252 303 302)
4(302 303 354 353)
4(353 354 405 404)
4(252 253 304 303)
4(303 304 355 354)
4(354 355 406 405)
4(253 254 305 304)
4(304 305 356 355)
4(355 356 407 406)
4(357 358 613 612)
4(612 613 664 663)
4(663 664 715 714)
4(714 715 766 765)
4(358 359 614 613)
4(613 614 665 664)
4(664 665 716 715)
4(715 716 767 766)
4(359 360 615 614)
4(614 615 666 665)
4(665 666 717 716)
4(716 717 768 767)
4(360 361 616 615)
4(615 616 667 666)
4(666 667 718 717)
4(717 718 769 768)
4(361 362 617 616)
4(616 617 668 667)
4(667 668 719 718)
4(718 719 770 769)
4(362 363 618 617)
4(617 618 669 668)
4(668 669 720 719)
4(719 720 771 770)
4(363 364 619 618)
4(618 619 670 669)
4(669 670 721 720)
4(720 721 772 771)
4(364 365 620 619)
4(619 620 671 670)
4(670 671 722 721)
4(721 722 773 772)
4(365 366 621 620)
4(620 621 672 671)
4(671 672 723 722)
4(722 723 774 773)
4(366 367 622 621)
4(621 622 673 672)
4(672 673 724 723)
4(723 724 775 774)
4(367 368 623 622)
4(622 623 674 673)
4(673 674 725 724)
4(724 725 776 775)
4(368 369 624 623)
4(623 624 675 674)
4(674 675 726 725)
4(725 726 777 776)
4(369 370 625 624)
4(624 625 676 675)
4(675 676 727 726)
4(726 727 778 777)
4(370 371 626 625)
4(625 626 677 676)
4(676 677 728 727)
4(727 728 779 778)
4(371 372 627 626)
4(626 627 678 677)
4(677 678 729 728)
4(728 729 780 779)
4(372 373 628 627)
4(627 628 679 678)
4(678 679 730 729)
4(729 730 781 780)
4(373 374 629 628)
4(628 629 680 679)
4(679 680 731 730)
4(730 731 782 781)
4(374 375 630 629)
4(629 630 681 680)
4(680 681 732 731)
4(731 732 783 782)
4(375 376 631 630)
4(630 631 682 681)
4(681 682 733 732)
4(732 733 784 783)
4(376 377 632 631)
4(631 632 683 682)
4(682 683 734 733)
4(733 734 785 784)
4(377 378 633 632)
4(632 633 684 683)
4(683 684 735 734)
4(734 735 786 785)
4(378 379 634 633)
4(633 634 685 684)
4(684 685 736 735)
4(735 736 787 786)
4(379 380 635 634)
4(634 635 686 685)
4(685 686 737 736)
4(736 737 788 787)
4(380 381 636 635)
4(635 636 687 686)
4(686 687 738 737)
4(737 738 789 788)
4(381 382 637 636)
4(636 637 688 687)
4(687 688 739 738)
4(738 739 790 789)
4(382 383 638 637)
4(637 638 689 688)
4(688 689 740 739)
4(739 740 791 790)
4(383 384 639 638)
4(638 639 690 689)
4(689 690 741 740)
4(740 741 792 791)
4(384 385 640 639)
4(639 640 691 690)
4(690 691 742 741)
4(741 742 793 792)
4(385 386 641 640)
4(640 641 692 691)
4(691 692 743 742)
4(742 743 794 793)
4(386 387 642 641)
4(641 642 693 692)
4(692 693 744 743)
4(743 744 795 794)
4(387 388 643 642)
4(642 643 694 693)
4(693 694 745 744)
4(744 745 796 795)
4(388 389 644 643)
4(643 644 695 694)
4(694 695 746 745)
4(745 746 797 796)
4(389 390 645 644)
4(644 645 696 695)
4(695 696 747 746)
4(746 747 798 797)
4(390 391 646 645)
4(645 646 697 696)
4(696 697 748 747)
4(747 748 799 798)
4(391 392 647 646)
4(646 647 698 697)
4(697 698 749 748)
4(748 749 800 799)
4(392 393 648 647)
4(647 648 699 698)
4(698 699 750 749)
4(749 750 801 800)
4(393 394 649 648)
4(648 649 700 699)
4(699 700 751 750)
4(750 751 802 801)
4(394 395 650 649)
4(649 650 701 700)
4(700 701 752 751)
4(751 752 803 802)
4(395 396 651 650)
4(650 651 702 701)
4(701 702 753 752)
4(752 753 804 803)
4(396 397 652 651)
4(651 652 703 702)
4(702 703 754 753)
4(753 754 805 804)
4(397 398 653 652)
4(652 653 704 703)
4(703 704 755 754)
4(754 755 806 805)
4(398 399 654 653)
4(653 654 705 704)
4(704 705 756 755)
4(755 756 807 806)
4(399 400 655 654)
4(654 655 706 705)
4(705 706 757 756)
4(756 757 808 807)
4(400 401 656 655)
4(655 656 707 706)
4(706 707 758 757)
4(757 758 809 808)
4(401 402 657 656)
4(656 657 708 707)
4(707 708 759 758)
4(758 759 810 809)
4(402 403 658 657)
4(657 658 709 708)
4(708 709 760 759)
4(759 760 811 810)
4(403 404 659 658)
4(658 659 710 709)
4(709 710 761 760)
4(760 761 812 811)
4(404 405 660 659)
4(659 660 711 710)
4(710 711 762 761)
4(761 762 813 812)
4(405 406 661 660)
4(660 661 712 711)
4(711 712 763 762)
4(762 763 814 813)
4(406 407 662 661)
4(661 662 713 712)
4(712 713 764 763)
4(763 764 815 814)
4(765 766 970 969)
4(969 970 1021 1020)
4(1020 1021 1072 1071)
4(766 767 971 970)
4(970 971 1022 1021)
4(1021 1022 1073 1072)
4(767 768 972 971)
4(971 972 1023 1022)
4(1022 1023 1074 1073)
4(768 769 973 972)
4(972 973 1024 1023)
4(1023 1024 1075 1074)
4(769 770 974 973)
4(973 974 1025 1024)
4(1024 1025 1076 1075)
4(770 771 975 974)
4(974 975 1026 1025)
4(1025 1026 1077 1076)
4(771 772 976 975)
4(975 976 1027 1026)
4(1026 1027 1078 1077)
4(772 773 977 976)
4(976 977 1028 1027)
4(1027 1028 1079 1078)
4(773 774 978 977)
4(977 978 1029 1028)
4(1028 1029 1080 1079)
4(774 775 979 978)
4(978 979 1030 1029)
4(1029 1030 1081 1080)
4(775 776 980 979)
4(979 980 1031 1030)
4(1030 1031 1082 1081)
4(776 777 981 980)
4(980 981 1032 1031)
4(1031 1032 1083 1082)
4(777 778 982 981)
4(981 982 1033 1032)
4(1032 1033 1084 1083)
4(778 779 983 982)
4(982 983 1034 1033)
4(1033 1034 1085 1084)
4(779 780 984 983)
4(983 984 1035 1034)
4(1034 1035 1086 1085)
4(780 781 985 984)
4(984 985 1036 1035)
4(1035 1036 1087 1086)
4(781 782 986 985)
4(985 986 1037 1036)
4(1036 1037 1088 1087)
4(782 783 987 986)
4(986 987 1038 1037)
4(1037 1038 1089 1088)
4(783 784 988 987)
4(987 988 1039 1038)
4(1038 1039 1090 1089)
4(784 785 989 988)
4(988 989 1040 1039)
4(1039 1040 1091 1090)
4(785 786 990 989)
4(989 990 1041 1040)
4(1040 1041 1092 1091)
4(786 787 991 990)
4(990 991 1042 1041)
4(1041 1042 1093 1092)
4(787 788 992 991)
4(991 992 1043 1042)
4(1042 1043 1094 1093)
4(788 789 993 992)
4(992 993 1044 1043)
4(1043 1044 1095 1094)
4(789 790 994 993)
4(993 994 1045 1044)
4(1044 1045 1096 1095)
4(790 791 995 994)
4(994 995 1046 1045)
4(1045 1046 1097 1096)
4(791 792 996 995)
4(995 996 1047 1046)
4(1046 1047 1098 1097)
4(792 793 997 996)
4(996 997 1048 1047)
4(1047 1048 1099 1098)
4(793 794 998 997)
4(997 998 1049 1048)
4(1048 1049 1100 1099)
4(794 795 999 998)
4(998 999 1050 1049)
4(1049 1050 1101 1100)
4(795 796 1000 999)
4(999 1000 1051 1050)
4(1050 1051 1102 1101)
4(796 797 1001 1000)
4(1000 1001 1052 1051)
4(1051 1052 1103 1102)
4(797 798 1002 1001)
4(1001 1002 1053 1052)
4(1052 1053 1104 1103)
4(798 799 1003 1002)
4(1002 1003 1054 1053)
4(1053 1054 1105 1104)
4(799 800 1004 1003)
4(1003 1004 1055 1054)
4(1054 1055 1106 1105)
4(800 801 1005 1004)
4(1004 1005 1056 1055)
4(1055 1056 1107 1106)
4(801 802 1006 1005)
4(1005 1006 1057 1056)
4(1056 1057 1108 1107)
4(802 803 1007 1006)
4(1006 1007 1058 1057)
4(1057 1058 1109 1108)
4(803 804 1008 1007)
4(1007 1008 1059 1058)
4(1058 1059 1110 1109)
4(804 805 1009 1008)
4(1008 1009 1060 1059)
4(1059 1060 1111 1110)
4(805 806 1010 1009)
4(1009 1010 1061 1060)
4(1060 1061 1112 1111)
4(806 807 1011 1010)
4(1010 1011 1062 1061)
4(1061 1062 1113 1112)
4(807 808 1012 1011)
4(1011 1012 1063 1062)
4(1062 1063 1114 1113)
4(808 809 1013 1012)
4(1012 1013 1064 1063)
4(1063 1064 1115 1114)
4(809 810 1014 1013)
4(1013 1014 1065 1064)
4(1064 1065 1116 1115)
4(810 811 1015 1014)
4(1014 1015 1066 1065)
4(1065 1066 1117 1116)
4(811 812 1016 1015)
4(1015 1016 1067 1066)
4(1066 1067 1118 1117)
4(812 813 1017 1016)
4(1016 1017 1068 1067)
4(1067 1068 1119 1118)
4(813 814 1018 1017)
4(1017 1018 1069 1068)
4(1068 1069 1120 1119)
4(814 815 1019 1018)
4(1018 1019 1070 1069)
4(1069 1070 1121 1120)
)


// ************************************************************************* //
