/*--------------------------------*- C++ -*----------------------------------*\
| =========                 |                                                 |
| \\      /  F ield         | OpenFOAM: The Open Source CFD Toolbox           |
|  \\    /   O peration     | Version:  2512                                  |
|   \\  /    A nd           | Website:  www.openfoam.com                      |
|    \\/     M anipulation  |                                                 |
\*---------------------------------------------------------------------------*/
FoamFile
{
    version     2.0;
    format      ascii;
    arch        "LSB;label=32;scalar=64";
    class       vectorField;
    location    "constant/polyMesh";
    object      points;
}
// * * * * * * * * * * * * * * * * * * * * * * * * * * * * * * * * * * * * * //


1122
(
(0 0 0)
(0.002 0 0)
(0.004 0 0)
(0.006 0 0)
(0.008 0 0)
(0.01 0 0)
(0.012 0 0)
(0.014 0 0)
(0.016 0 0)
(0.018 0 0)
(0.02 0 0)
(0.022 0 0)
(0.024 0 0)
(0.026 0 0)
(0.028 0 0)
(0.03 0 0)
(0.032 0 0)
(0.034 0 0)
(0.036 0 0)
(0.038 0 0)
(0.04 0 0)
(0.042 0 0)
(0.044 0 0)
(0.046 0 0)
(0.048 0 0)
(0.05 0 0)
(0.052 0 0)
(0.054 0 0)
(0.056 0 0)
(0.058 0 0)
(0.06 0 0)
(0.062 0 0)
(0.064 0 0)
(0.066 0 0)
(0.068 0 0)
(0.07 0 0)
(0.072 0 0)
(0.074 0 0)
(0.076 0 0)
(0.078 0 0)
(0.08 0 0)
(0.082 0 0)
(0.084 0 0)
(0.086 0 0)
(0.088 0 0)
(0.09 0 0)
(0.092 0 0)
(0.094 0 0)
(0.096 0 0)
(0.098 0 0)
(0.1 0 0)
(0 0.0008333333333 0)
(0.002 0.0008333333333 0)
(0.004 0.0008333333333 0)
(0.006 0.0008333333333 0)
(0.008 0.0008333333333 0)
(0.01 0.0008333333333 0)
(0.012 0.0008333333333 0)
(0.014 0.0008333333333 0)
(0.016 0.0008333333333 0)
(0.018 0.0008333333333 0)
(0.02 0.0008333333333 0)
(0.022 0.0008333333333 0)
(0.024 0.0008333333333 0)
(0.026 0.0008333333333 0)
(0.028 0.0008333333333 0)
(0.03 0.0008333333333 0)
(0.032 0.0008333333333 0)
(0.034 0.0008333333333 0)
(0.036 0.0008333333333 0)
(0.038 0.0008333333333 0)
(0.04 0.0008333333333 0)
(0.042 0.0008333333333 0)
(0.044 0.0008333333333 0)
(0.046 0.0008333333333 0)
(0.048 0.0008333333333 0)
(0.05 0.0008333333333 0)
(0.052 0.0008333333333 0)
(0.054 0.0008333333333 0)
(0.056 0.0008333333333 0)
(0.058 0.0008333333333 0)
(0.06 0.0008333333333 0)
(0.062 0.0008333333333 0)
(0.064 0.0008333333333 0)
(0.066 0.0008333333333 0)
(0.068 0.0008333333333 0)
(0.07 0.0008333333333 0)
(0.072 0.0008333333333 0)
(0.074 0.0008333333333 0)
(0.076 0.0008333333333 0)
(0.078 0.0008333333333 0)
(0.08 0.0008333333333 0)
(0.082 0.0008333333333 0)
(0.084 0.0008333333333 0)
(0.086 0.0008333333333 0)
(0.088 0.0008333333333 0)
(0.09 0.0008333333333 0)
(0.092 0.0008333333333 0)
(0.094 0.0008333333333 0)
(0.096 0.0008333333333 0)
(0.098 0.0008333333333 0)
(0.1 0.0008333333333 0)
(0 0.001666666667 0)
(0.002 0.001666666667 0)
(0.004 0.001666666667 0)
(0.006 0.001666666667 0)
(0.008 0.001666666667 0)
(0.01 0.001666666667 0)
(0.012 0.001666666667 0)
(0.014 0.001666666667 0)
(0.016 0.001666666667 0)
(0.018 0.001666666667 0)
(0.02 0.001666666667 0)
(0.022 0.001666666667 0)
(0.024 0.001666666667 0)
(0.026 0.001666666667 0)
(0.028 0.001666666667 0)
(0.03 0.001666666667 0)
(0.032 0.001666666667 0)
(0.034 0.001666666667 0)
(0.036 0.001666666667 0)
(0.038 0.001666666667 0)
(0.04 0.001666666667 0)
(0.042 0.001666666667 0)
(0.044 0.001666666667 0)
(0.046 0.001666666667 0)
(0.048 0.001666666667 0)
(0.05 0.001666666667 0)
(0.052 0.001666666667 0)
(0.054 0.001666666667 0)
(0.056 0.001666666667 0)
(0.058 0.001666666667 0)
(0.06 0.001666666667 0)
(0.062 0.001666666667 0)
(0.064 0.001666666667 0)
(0.066 0.001666666667 0)
(0.068 0.001666666667 0)
(0.07 0.001666666667 0)
(0.072 0.001666666667 0)
(0.074 0.001666666667 0)
(0.076 0.001666666667 0)
(0.078 0.001666666667 0)
(0.08 0.001666666667 0)
(0.082 0.001666666667 0)
(0.084 0.001666666667 0)
(0.086 0.001666666667 0)
(0.088 0.001666666667 0)
(0.09 0.001666666667 0)
(0.092 0.001666666667 0)
(0.094 0.001666666667 0)
(0.096 0.001666666667 0)
(0.098 0.001666666667 0)
(0.1 0.001666666667 0)
(0 0.0025 0)
(0.002 0.0025 0)
(0.004 0.0025 0)
(0.006 0.0025 0)
(0.008 0.0025 0)
(0.01 0.0025 0)
(0.012 0.0025 0)
(0.014 0.0025 0)
(0.016 0.0025 0)
(0.018 0.0025 0)
(0.02 0.0025 0)
(0.022 0.0025 0)
(0.024 0.0025 0)
(0.026 0.0025 0)
(0.028 0.0025 0)
(0.03 0.0025 0)
(0.032 0.0025 0)
(0.034 0.0025 0)
(0.036 0.0025 0)
(0.038 0.0025 0)
(0.04 0.0025 0)
(0.042 0.0025 0)
(0.044 0.0025 0)
(0.046 0.0025 0)
(0.048 0.0025 0)
(0.05 0.0025 0)
(0.052 0.0025 0)
(0.054 0.0025 0)
(0.056 0.0025 0)
(0.058 0.0025 0)
(0.06 0.0025 0)
(0.062 0.0025 0)
(0.064 0.0025 0)
(0.066 0.0025 0)
(0.068 0.0025 0)
(0.07 0.0025 0)
(0.072 0.0025 0)
(0.074 0.0025 0)
(0.076 0.0025 0)
(0.078 0.0025 0)
(0.08 0.0025 0)
(0.082 0.0025 0)
(0.084 0.0025 0)
(0.086 0.0025 0)
(0.088 0.0025 0)
(0.09 0.0025 0)
(0.092 0.0025 0)
(0.094 0.0025 0)
(0.096 0.0025 0)
(0.098 0.0025 0)
(0.1 0.0025 0)
(0 0 0.002)
(0.002 0 0.002)
(0.004 0 0.002)
(0.006 0 0.002)
(0.008 0 0.002)
(0.01 0 0.002)
(0.012 0 0.002)
(0.014 0 0.002)
(0.016 0 0.002)
(0.018 0 0.002)
(0.02 0 0.002)
(0.022 0 0.002)
(0.024 0 0.002)
(0.026 0 0.002)
(0.028 0 0.002)
(0.03 0 0.002)
(0.032 0 0.002)
(0.034 0 0.002)
(0.036 0 0.002)
(0.038 0 0.002)
(0.04 0 0.002)
(0.042 0 0.002)
(0.044 0 0.002)
(0.046 0 0.002)
(0.048 0 0.002)
(0.05 0 0.002)
(0.052 0 0.002)
(0.054 0 0.002)
(0.056 0 0.002)
(0.058 0 0.002)
(0.06 0 0.002)
(0.062 0 0.002)
(0.064 0 0.002)
(0.066 0 0.002)
(0.068 0 0.002)
(0.07 0 0.002)
(0.072 0 0.002)
(0.074 0 0.002)
(0.076 0 0.002)
(0.078 0 0.002)
(0.08 0 0.002)
(0.082 0 0.002)
(0.084 0 0.002)
(0.086 0 0.002)
(0.088 0 0.002)
(0.09 0 0.002)
(0.092 0 0.002)
(0.094 0 0.002)
(0.096 0 0.002)
(0.098 0 0.002)
(0.1 0 0.002)
(0 0.0008333333333 0.002)
(0.002 0.0008333333333 0.002)
(0.004 0.0008333333333 0.002)
(0.006 0.0008333333333 0.002)
(0.008 0.0008333333333 0.002)
(0.01 0.0008333333333 0.002)
(0.012 0.0008333333333 0.002)
(0.014 0.0008333333333 0.002)
(0.016 0.0008333333333 0.002)
(0.018 0.0008333333333 0.002)
(0.02 0.0008333333333 0.002)
(0.022 0.0008333333333 0.002)
(0.024 0.0008333333333 0.002)
(0.026 0.0008333333333 0.002)
(0.028 0.0008333333333 0.002)
(0.03 0.0008333333333 0.002)
(0.032 0.0008333333333 0.002)
(0.034 0.0008333333333 0.002)
(0.036 0.0008333333333 0.002)
(0.038 0.0008333333333 0.002)
(0.04 0.0008333333333 0.002)
(0.042 0.0008333333333 0.002)
(0.044 0.0008333333333 0.002)
(0.046 0.0008333333333 0.002)
(0.048 0.0008333333333 0.002)
(0.05 0.0008333333333 0.002)
(0.052 0.0008333333333 0.002)
(0.054 0.0008333333333 0.002)
(0.056 0.0008333333333 0.002)
(0.058 0.0008333333333 0.002)
(0.06 0.0008333333333 0.002)
(0.062 0.0008333333333 0.002)
(0.064 0.0008333333333 0.002)
(0.066 0.0008333333333 0.002)
(0.068 0.0008333333333 0.002)
(0.07 0.0008333333333 0.002)
(0.072 0.0008333333333 0.002)
(0.074 0.0008333333333 0.002)
(0.076 0.0008333333333 0.002)
(0.078 0.0008333333333 0.002)
(0.08 0.0008333333333 0.002)
(0.082 0.0008333333333 0.002)
(0.084 0.0008333333333 0.002)
(0.086 0.0008333333333 0.002)
(0.088 0.0008333333333 0.002)
(0.09 0.0008333333333 0.002)
(0.092 0.0008333333333 0.002)
(0.094 0.0008333333333 0.002)
(0.096 0.0008333333333 0.002)
(0.098 0.0008333333333 0.002)
(0.1 0.0008333333333 0.002)
(0 0.001666666667 0.002)
(0.002 0.001666666667 0.002)
(0.004 0.001666666667 0.002)
(0.006 0.001666666667 0.002)
(0.008 0.001666666667 0.002)
(0.01 0.001666666667 0.002)
(0.012 0.001666666667 0.002)
(0.014 0.001666666667 0.002)
(0.016 0.001666666667 0.002)
(0.018 0.001666666667 0.002)
(0.02 0.001666666667 0.002)
(0.022 0.001666666667 0.002)
(0.024 0.001666666667 0.002)
(0.026 0.001666666667 0.002)
(0.028 0.001666666667 0.002)
(0.03 0.001666666667 0.002)
(0.032 0.001666666667 0.002)
(0.034 0.001666666667 0.002)
(0.036 0.001666666667 0.002)
(0.038 0.001666666667 0.002)
(0.04 0.001666666667 0.002)
(0.042 0.001666666667 0.002)
(0.044 0.001666666667 0.002)
(0.046 0.001666666667 0.002)
(0.048 0.001666666667 0.002)
(0.05 0.001666666667 0.002)
(0.052 0.001666666667 0.002)
(0.054 0.001666666667 0.002)
(0.056 0.001666666667 0.002)
(0.058 0.001666666667 0.002)
(0.06 0.001666666667 0.002)
(0.062 0.001666666667 0.002)
(0.064 0.001666666667 0.002)
(0.066 0.001666666667 0.002)
(0.068 0.001666666667 0.002)
(0.07 0.001666666667 0.002)
(0.072 0.001666666667 0.002)
(0.074 0.001666666667 0.002)
(0.076 0.001666666667 0.002)
(0.078 0.001666666667 0.002)
(0.08 0.001666666667 0.002)
(0.082 0.001666666667 0.002)
(0.084 0.001666666667 0.002)
(0.086 0.001666666667 0.002)
(0.088 0.001666666667 0.002)
(0.09 0.001666666667 0.002)
(0.092 0.001666666667 0.002)
(0.094 0.001666666667 0.002)
(0.096 0.001666666667 0.002)
(0.098 0.001666666667 0.002)
(0.1 0.001666666667 0.002)
(0 0.0025 0.002)
(0.002 0.0025 0.002)
(0.004 0.0025 0.002)
(0.006 0.0025 0.002)
(0.008 0.0025 0.002)
(0.01 0.0025 0.002)
(0.012 0.0025 0.002)
(0.014 0.0025 0.002)
(0.016 0.0025 0.002)
(0.018 0.0025 0.002)
(0.02 0.0025 0.002)
(0.022 0.0025 0.002)
(0.024 0.0025 0.002)
(0.026 0.0025 0.002)
(0.028 0.0025 0.002)
(0.03 0.0025 0.002)
(0.032 0.0025 0.002)
(0.034 0.0025 0.002)
(0.036 0.0025 0.002)
(0.038 0.0025 0.002)
(0.04 0.0025 0.002)
(0.042 0.0025 0.002)
(0.044 0.0025 0.002)
(0.046 0.0025 0.002)
(0.048 0.0025 0.002)
(0.05 0.0025 0.002)
(0.052 0.0025 0.002)
(0.054 0.0025 0.002)
(0.056 0.0025 0.002)
(0.058 0.0025 0.002)
(0.06 0.0025 0.002)
(0.062 0.0025 0.002)
(0.064 0.0025 0.002)
(0.066 0.0025 0.002)
(0.068 0.0025 0.002)
(0.07 0.0025 0.002)
(0.072 0.0025 0.002)
(0.074 0.0025 0.002)
(0.076 0.0025 0.002)
(0.078 0.0025 0.002)
(0.08 0.0025 0.002)
(0.082 0.0025 0.002)
(0.084 0.0025 0.002)
(0.086 0.0025 0.002)
(0.088 0.0025 0.002)
(0.09 0.0025 0.002)
(0.092 0.0025 0.002)
(0.094 0.0025 0.002)
(0.096 0.0025 0.002)
(0.098 0.0025 0.002)
(0.1 0.0025 0.002)
(0 0.00375 0)
(0.002 0.00375 0)
(0.004 0.00375 0)
(0.006 0.00375 0)
(0.008 0.00375 0)
(0.01 0.00375 0)
(0.012 0.00375 0)
(0.014 0.00375 0)
(0.016 0.00375 0)
(0.018 0.00375 0)
(0.02 0.00375 0)
(0.022 0.00375 0)
(0.024 0.00375 0)
(0.026 0.00375 0)
(0.028 0.00375 0)
(0.03 0.00375 0)
(0.032 0.00375 0)
(0.034 0.00375 0)
(0.036 0.00375 0)
(0.038 0.00375 0)
(0.04 0.00375 0)
(0.042 0.00375 0)
(0.044 0.00375 0)
(0.046 0.00375 0)
(0.048 0.00375 0)
(0.05 0.00375 0)
(0.052 0.00375 0)
(0.054 0.00375 0)
(0.056 0.00375 0)
(0.058 0.00375 0)
(0.06 0.00375 0)
(0.062 0.00375 0)
(0.064 0.00375 0)
(0.066 0.00375 0)
(0.068 0.00375 0)
(0.07 0.00375 0)
(0.072 0.00375 0)
(0.074 0.00375 0)
(0.076 0.00375 0)
(0.078 0.00375 0)
(0.08 0.00375 0)
(0.082 0.00375 0)
(0.084 0.00375 0)
(0.086 0.00375 0)
(0.088 0.00375 0)
(0.09 0.00375 0)
(0.092 0.00375 0)
(0.094 0.00375 0)
(0.096 0.00375 0)
(0.098 0.00375 0)
(0.1 0.00375 0)
(0 0.005 0)
(0.002 0.005 0)
(0.004 0.005 0)
(0.006 0.005 0)
(0.008 0.005 0)
(0.01 0.005 0)
(0.012 0.005 0)
(0.014 0.005 0)
(0.016 0.005 0)
(0.018 0.005 0)
(0.02 0.005 0)
(0.022 0.005 0)
(0.024 0.005 0)
(0.026 0.005 0)
(0.028 0.005 0)
(0.03 0.005 0)
(0.032 0.005 0)
(0.034 0.005 0)
(0.036 0.005 0)
(0.038 0.005 0)
(0.04 0.005 0)
(0.042 0.005 0)
(0.044 0.005 0)
(0.046 0.005 0)
(0.048 0.005 0)
(0.05 0.005 0)
(0.052 0.005 0)
(0.054 0.005 0)
(0.056 0.005 0)
(0.058 0.005 0)
(0.06 0.005 0)
(0.062 0.005 0)
(0.064 0.005 0)
(0.066 0.005 0)
(0.068 0.005 0)
(0.07 0.005 0)
(0.072 0.005 0)
(0.074 0.005 0)
(0.076 0.005 0)
(0.078 0.005 0)
(0.08 0.005 0)
(0.082 0.005 0)
(0.084 0.005 0)
(0.086 0.005 0)
(0.088 0.005 0)
(0.09 0.005 0)
(0.092 0.005 0)
(0.094 0.005 0)
(0.096 0.005 0)
(0.098 0.005 0)
(0.1 0.005 0)
(0 0.00625 0)
(0.002 0.00625 0)
(0.004 0.00625 0)
(0.006 0.00625 0)
(0.008 0.00625 0)
(0.01 0.00625 0)
(0.012 0.00625 0)
(0.014 0.00625 0)
(0.016 0.00625 0)
(0.018 0.00625 0)
(0.02 0.00625 0)
(0.022 0.00625 0)
(0.024 0.00625 0)
(0.026 0.00625 0)
(0.028 0.00625 0)
(0.03 0.00625 0)
(0.032 0.00625 0)
(0.034 0.00625 0)
(0.036 0.00625 0)
(0.038 0.00625 0)
(0.04 0.00625 0)
(0.042 0.00625 0)
(0.044 0.00625 0)
(0.046 0.00625 0)
(0.048 0.00625 0)
(0.05 0.00625 0)
(0.052 0.00625 0)
(0.054 0.00625 0)
(0.056 0.00625 0)
(0.058 0.00625 0)
(0.06 0.00625 0)
(0.062 0.00625 0)
(0.064 0.00625 0)
(0.066 0.00625 0)
(0.068 0.00625 0)
(0.07 0.00625 0)
(0.072 0.00625 0)
(0.074 0.00625 0)
(0.076 0.00625 0)
(0.078 0.00625 0)
(0.08 0.00625 0)
(0.082 0.00625 0)
(0.084 0.00625 0)
(0.086 0.00625 0)
(0.088 0.00625 0)
(0.09 0.00625 0)
(0.092 0.00625 0)
(0.094 0.00625 0)
(0.096 0.00625 0)
(0.098 0.00625 0)
(0.1 0.00625 0)
(0 0.0075 0)
(0.002 0.0075 0)
(0.004 0.0075 0)
(0.006 0.0075 0)
(0.008 0.0075 0)
(0.01 0.0075 0)
(0.012 0.0075 0)
(0.014 0.0075 0)
(0.016 0.0075 0)
(0.018 0.0075 0)
(0.02 0.0075 0)
(0.022 0.0075 0)
(0.024 0.0075 0)
(0.026 0.0075 0)
(0.028 0.0075 0)
(0.03 0.0075 0)
(0.032 0.0075 0)
(0.034 0.0075 0)
(0.036 0.0075 0)
(0.038 0.0075 0)
(0.04 0.0075 0)
(0.042 0.0075 0)
(0.044 0.0075 0)
(0.046 0.0075 0)
(0.048 0.0075 0)
(0.05 0.0075 0)
(0.052 0.0075 0)
(0.054 0.0075 0)
(0.056 0.0075 0)
(0.058 0.0075 0)
(0.06 0.0075 0)
(0.062 0.0075 0)
(0.064 0.0075 0)
(0.066 0.0075 0)
(0.068 0.0075 0)
(0.07 0.0075 0)
(0.072 0.0075 0)
(0.074 0.0075 0)
(0.076 0.0075 0)
(0.078 0.0075 0)
(0.08 0.0075 0)
(0.082 0.0075 0)
(0.084 0.0075 0)
(0.086 0.0075 0)
(0.088 0.0075 0)
(0.09 0.0075 0)
(0.092 0.0075 0)
(0.094 0.0075 0)
(0.096 0.0075 0)
(0.098 0.0075 0)
(0.1 0.0075 0)
(0 0.00375 0.002)
(0.002 0.00375 0.002)
(0.004 0.00375 0.002)
(0.006 0.00375 0.002)
(0.008 0.00375 0.002)
(0.01 0.00375 0.002)
(0.012 0.00375 0.002)
(0.014 0.00375 0.002)
(0.016 0.00375 0.002)
(0.018 0.00375 0.002)
(0.02 0.00375 0.002)
(0.022 0.00375 0.002)
(0.024 0.00375 0.002)
(0.026 0.00375 0.002)
(0.028 0.00375 0.002)
(0.03 0.00375 0.002)
(0.032 0.00375 0.002)
(0.034 0.00375 0.002)
(0.036 0.00375 0.002)
(0.038 0.00375 0.002)
(0.04 0.00375 0.002)
(0.042 0.00375 0.002)
(0.044 0.00375 0.002)
(0.046 0.00375 0.002)
(0.048 0.00375 0.002)
(0.05 0.00375 0.002)
(0.052 0.00375 0.002)
(0.054 0.00375 0.002)
(0.056 0.00375 0.002)
(0.058 0.00375 0.002)
(0.06 0.00375 0.002)
(0.062 0.00375 0.002)
(0.064 0.00375 0.002)
(0.066 0.00375 0.002)
(0.068 0.00375 0.002)
(0.07 0.00375 0.002)
(0.072 0.00375 0.002)
(0.074 0.00375 0.002)
(0.076 0.00375 0.002)
(0.078 0.00375 0.002)
(0.08 0.00375 0.002)
(0.082 0.00375 0.002)
(0.084 0.00375 0.002)
(0.086 0.00375 0.002)
(0.088 0.00375 0.002)
(0.09 0.00375 0.002)
(0.092 0.00375 0.002)
(0.094 0.00375 0.002)
(0.096 0.00375 0.002)
(0.098 0.00375 0.002)
(0.1 0.00375 0.002)
(0 0.005 0.002)
(0.002 0.005 0.002)
(0.004 0.005 0.002)
(0.006 0.005 0.002)
(0.008 0.005 0.002)
(0.01 0.005 0.002)
(0.012 0.005 0.002)
(0.014 0.005 0.002)
(0.016 0.005 0.002)
(0.018 0.005 0.002)
(0.02 0.005 0.002)
(0.022 0.005 0.002)
(0.024 0.005 0.002)
(0.026 0.005 0.002)
(0.028 0.005 0.002)
(0.03 0.005 0.002)
(0.032 0.005 0.002)
(0.034 0.005 0.002)
(0.036 0.005 0.002)
(0.038 0.005 0.002)
(0.04 0.005 0.002)
(0.042 0.005 0.002)
(0.044 0.005 0.002)
(0.046 0.005 0.002)
(0.048 0.005 0.002)
(0.05 0.005 0.002)
(0.052 0.005 0.002)
(0.054 0.005 0.002)
(0.056 0.005 0.002)
(0.058 0.005 0.002)
(0.06 0.005 0.002)
(0.062 0.005 0.002)
(0.064 0.005 0.002)
(0.066 0.005 0.002)
(0.068 0.005 0.002)
(0.07 0.005 0.002)
(0.072 0.005 0.002)
(0.074 0.005 0.002)
(0.076 0.005 0.002)
(0.078 0.005 0.002)
(0.08 0.005 0.002)
(0.082 0.005 0.002)
(0.084 0.005 0.002)
(0.086 0.005 0.002)
(0.088 0.005 0.002)
(0.09 0.005 0.002)
(0.092 0.005 0.002)
(0.094 0.005 0.002)
(0.096 0.005 0.002)
(0.098 0.005 0.002)
(0.1 0.005 0.002)
(0 0.00625 0.002)
(0.002 0.00625 0.002)
(0.004 0.00625 0.002)
(0.006 0.00625 0.002)
(0.008 0.00625 0.002)
(0.01 0.00625 0.002)
(0.012 0.00625 0.002)
(0.014 0.00625 0.002)
(0.016 0.00625 0.002)
(0.018 0.00625 0.002)
(0.02 0.00625 0.002)
(0.022 0.00625 0.002)
(0.024 0.00625 0.002)
(0.026 0.00625 0.002)
(0.028 0.00625 0.002)
(0.03 0.00625 0.002)
(0.032 0.00625 0.002)
(0.034 0.00625 0.002)
(0.036 0.00625 0.002)
(0.038 0.00625 0.002)
(0.04 0.00625 0.002)
(0.042 0.00625 0.002)
(0.044 0.00625 0.002)
(0.046 0.00625 0.002)
(0.048 0.00625 0.002)
(0.05 0.00625 0.002)
(0.052 0.00625 0.002)
(0.054 0.00625 0.002)
(0.056 0.00625 0.002)
(0.058 0.00625 0.002)
(0.06 0.00625 0.002)
(0.062 0.00625 0.002)
(0.064 0.00625 0.002)
(0.066 0.00625 0.002)
(0.068 0.00625 0.002)
(0.07 0.00625 0.002)
(0.072 0.00625 0.002)
(0.074 0.00625 0.002)
(0.076 0.00625 0.002)
(0.078 0.00625 0.002)
(0.08 0.00625 0.002)
(0.082 0.00625 0.002)
(0.084 0.00625 0.002)
(0.086 0.00625 0.002)
(0.088 0.00625 0.002)
(0.09 0.00625 0.002)
(0.092 0.00625 0.002)
(0.094 0.00625 0.002)
(0.096 0.00625 0.002)
(0.098 0.00625 0.002)
(0.1 0.00625 0.002)
(0 0.0075 0.002)
(0.002 0.0075 0.002)
(0.004 0.0075 0.002)
(0.006 0.0075 0.002)
(0.008 0.0075 0.002)
(0.01 0.0075 0.002)
(0.012 0.0075 0.002)
(0.014 0.0075 0.002)
(0.016 0.0075 0.002)
(0.018 0.0075 0.002)
(0.02 0.0075 0.002)
(0.022 0.0075 0.002)
(0.024 0.0075 0.002)
(0.026 0.0075 0.002)
(0.028 0.0075 0.002)
(0.03 0.0075 0.002)
(0.032 0.0075 0.002)
(0.034 0.0075 0.002)
(0.036 0.0075 0.002)
(0.038 0.0075 0.002)
(0.04 0.0075 0.002)
(0.042 0.0075 0.002)
(0.044 0.0075 0.002)
(0.046 0.0075 0.002)
(0.048 0.0075 0.002)
(0.05 0.0075 0.002)
(0.052 0.0075 0.002)
(0.054 0.0075 0.002)
(0.056 0.0075 0.002)
(0.058 0.0075 0.002)
(0.06 0.0075 0.002)
(0.062 0.0075 0.002)
(0.064 0.0075 0.002)
(0.066 0.0075 0.002)
(0.068 0.0075 0.002)
(0.07 0.0075 0.002)
(0.072 0.0075 0.002)
(0.074 0.0075 0.002)
(0.076 0.0075 0.002)
(0.078 0.0075 0.002)
(0.08 0.0075 0.002)
(0.082 0.0075 0.002)
(0.084 0.0075 0.002)
(0.086 0.0075 0.002)
(0.088 0.0075 0.002)
(0.09 0.0075 0.002)
(0.092 0.0075 0.002)
(0.094 0.0075 0.002)
(0.096 0.0075 0.002)
(0.098 0.0075 0.002)
(0.1 0.0075 0.002)
(0 0.008333333333 0)
(0.002 0.008333333333 0)
(0.004 0.008333333333 0)
(0.006 0.008333333333 0)
(0.008 0.008333333333 0)
(0.01 0.008333333333 0)
(0.012 0.008333333333 0)
(0.014 0.008333333333 0)
(0.016 0.008333333333 0)
(0.018 0.008333333333 0)
(0.02 0.008333333333 0)
(0.022 0.008333333333 0)
(0.024 0.008333333333 0)
(0.026 0.008333333333 0)
(0.028 0.008333333333 0)
(0.03 0.008333333333 0)
(0.032 0.008333333333 0)
(0.034 0.008333333333 0)
(0.036 0.008333333333 0)
(0.038 0.008333333333 0)
(0.04 0.008333333333 0)
(0.042 0.008333333333 0)
(0.044 0.008333333333 0)
(0.046 0.008333333333 0)
(0.048 0.008333333333 0)
(0.05 0.008333333333 0)
(0.052 0.008333333333 0)
(0.054 0.008333333333 0)
(0.056 0.008333333333 0)
(0.058 0.008333333333 0)
(0.06 0.008333333333 0)
(0.062 0.008333333333 0)
(0.064 0.008333333333 0)
(0.066 0.008333333333 0)
(0.068 0.008333333333 0)
(0.07 0.008333333333 0)
(0.072 0.008333333333 0)
(0.074 0.008333333333 0)
(0.076 0.008333333333 0)
(0.078 0.008333333333 0)
(0.08 0.008333333333 0)
(0.082 0.008333333333 0)
(0.084 0.008333333333 0)
(0.086 0.008333333333 0)
(0.088 0.008333333333 0)
(0.09 0.008333333333 0)
(0.092 0.008333333333 0)
(0.094 0.008333333333 0)
(0.096 0.008333333333 0)
(0.098 0.008333333333 0)
(0.1 0.008333333333 0)
(0 0.009166666667 0)
(0.002 0.009166666667 0)
(0.004 0.009166666667 0)
(0.006 0.009166666667 0)
(0.008 0.009166666667 0)
(0.01 0.009166666667 0)
(0.012 0.009166666667 0)
(0.014 0.009166666667 0)
(0.016 0.009166666667 0)
(0.018 0.009166666667 0)
(0.02 0.009166666667 0)
(0.022 0.009166666667 0)
(0.024 0.009166666667 0)
(0.026 0.009166666667 0)
(0.028 0.009166666667 0)
(0.03 0.009166666667 0)
(0.032 0.009166666667 0)
(0.034 0.009166666667 0)
(0.036 0.009166666667 0)
(0.038 0.009166666667 0)
(0.04 0.009166666667 0)
(0.042 0.009166666667 0)
(0.044 0.009166666667 0)
(0.046 0.009166666667 0)
(0.048 0.009166666667 0)
(0.05 0.009166666667 0)
(0.052 0.009166666667 0)
(0.054 0.009166666667 0)
(0.056 0.009166666667 0)
(0.058 0.009166666667 0)
(0.06 0.009166666667 0)
(0.062 0.009166666667 0)
(0.064 0.009166666667 0)
(0.066 0.009166666667 0)
(0.068 0.009166666667 0)
(0.07 0.009166666667 0)
(0.072 0.009166666667 0)
(0.074 0.009166666667 0)
(0.076 0.009166666667 0)
(0.078 0.009166666667 0)
(0.08 0.009166666667 0)
(0.082 0.009166666667 0)
(0.084 0.009166666667 0)
(0.086 0.009166666667 0)
(0.088 0.009166666667 0)
(0.09 0.009166666667 0)
(0.092 0.009166666667 0)
(0.094 0.009166666667 0)
(0.096 0.009166666667 0)
(0.098 0.009166666667 0)
(0.1 0.009166666667 0)
(0 0.01 0)
(0.002 0.01 0)
(0.004 0.01 0)
(0.006 0.01 0)
(0.008 0.01 0)
(0.01 0.01 0)
(0.012 0.01 0)
(0.014 0.01 0)
(0.016 0.01 0)
(0.018 0.01 0)
(0.02 0.01 0)
(0.022 0.01 0)
(0.024 0.01 0)
(0.026 0.01 0)
(0.028 0.01 0)
(0.03 0.01 0)
(0.032 0.01 0)
(0.034 0.01 0)
(0.036 0.01 0)
(0.038 0.01 0)
(0.04 0.01 0)
(0.042 0.01 0)
(0.044 0.01 0)
(0.046 0.01 0)
(0.048 0.01 0)
(0.05 0.01 0)
(0.052 0.01 0)
(0.054 0.01 0)
(0.056 0.01 0)
(0.058 0.01 0)
(0.06 0.01 0)
(0.062 0.01 0)
(0.064 0.01 0)
(0.066 0.01 0)
(0.068 0.01 0)
(0.07 0.01 0)
(0.072 0.01 0)
(0.074 0.01 0)
(0.076 0.01 0)
(0.078 0.01 0)
(0.08 0.01 0)
(0.082 0.01 0)
(0.084 0.01 0)
(0.086 0.01 0)
(0.088 0.01 0)
(0.09 0.01 0)
(0.092 0.01 0)
(0.094 0.01 0)
(0.096 0.01 0)
(0.098 0.01 0)
(0.1 0.01 0)
(0 0.008333333333 0.002)
(0.002 0.008333333333 0.002)
(0.004 0.008333333333 0.002)
(0.006 0.008333333333 0.002)
(0.008 0.008333333333 0.002)
(0.01 0.008333333333 0.002)
(0.012 0.008333333333 0.002)
(0.014 0.008333333333 0.002)
(0.016 0.008333333333 0.002)
(0.018 0.008333333333 0.002)
(0.02 0.008333333333 0.002)
(0.022 0.008333333333 0.002)
(0.024 0.008333333333 0.002)
(0.026 0.008333333333 0.002)
(0.028 0.008333333333 0.002)
(0.03 0.008333333333 0.002)
(0.032 0.008333333333 0.002)
(0.034 0.008333333333 0.002)
(0.036 0.008333333333 0.002)
(0.038 0.008333333333 0.002)
(0.04 0.008333333333 0.002)
(0.042 0.008333333333 0.002)
(0.044 0.008333333333 0.002)
(0.046 0.008333333333 0.002)
(0.048 0.008333333333 0.002)
(0.05 0.008333333333 0.002)
(0.052 0.008333333333 0.002)
(0.054 0.008333333333 0.002)
(0.056 0.008333333333 0.002)
(0.058 0.008333333333 0.002)
(0.06 0.008333333333 0.002)
(0.062 0.008333333333 0.002)
(0.064 0.008333333333 0.002)
(0.066 0.008333333333 0.002)
(0.068 0.008333333333 0.002)
(0.07 0.008333333333 0.002)
(0.072 0.008333333333 0.002)
(0.074 0.008333333333 0.002)
(0.076 0.008333333333 0.002)
(0.078 0.008333333333 0.002)
(0.08 0.008333333333 0.002)
(0.082 0.008333333333 0.002)
(0.084 0.008333333333 0.002)
(0.086 0.008333333333 0.002)
(0.088 0.008333333333 0.002)
(0.09 0.008333333333 0.002)
(0.092 0.008333333333 0.002)
(0.094 0.008333333333 0.002)
(0.096 0.008333333333 0.002)
(0.098 0.008333333333 0.002)
(0.1 0.008333333333 0.002)
(0 0.009166666667 0.002)
(0.002 0.009166666667 0.002)
(0.004 0.009166666667 0.002)
(0.006 0.009166666667 0.002)
(0.008 0.009166666667 0.002)
(0.01 0.009166666667 0.002)
(0.012 0.009166666667 0.002)
(0.014 0.009166666667 0.002)
(0.016 0.009166666667 0.002)
(0.018 0.009166666667 0.002)
(0.02 0.009166666667 0.002)
(0.022 0.009166666667 0.002)
(0.024 0.009166666667 0.002)
(0.026 0.009166666667 0.002)
(0.028 0.009166666667 0.002)
(0.03 0.009166666667 0.002)
(0.032 0.009166666667 0.002)
(0.034 0.009166666667 0.002)
(0.036 0.009166666667 0.002)
(0.038 0.009166666667 0.002)
(0.04 0.009166666667 0.002)
(0.042 0.009166666667 0.002)
(0.044 0.009166666667 0.002)
(0.046 0.009166666667 0.002)
(0.048 0.009166666667 0.002)
(0.05 0.009166666667 0.002)
(0.052 0.009166666667 0.002)
(0.054 0.009166666667 0.002)
(0.056 0.009166666667 0.002)
(0.058 0.009166666667 0.002)
(0.06 0.009166666667 0.002)
(0.062 0.009166666667 0.002)
(0.064 0.009166666667 0.002)
(0.066 0.009166666667 0.002)
(0.068 0.009166666667 0.002)
(0.07 0.009166666667 0.002)
(0.072 0.009166666667 0.002)
(0.074 0.009166666667 0.002)
(0.076 0.009166666667 0.002)
(0.078 0.009166666667 0.002)
(0.08 0.009166666667 0.002)
(0.082 0.009166666667 0.002)
(0.084 0.009166666667 0.002)
(0.086 0.009166666667 0.002)
(0.088 0.009166666667 0.002)
(0.09 0.009166666667 0.002)
(0.092 0.009166666667 0.002)
(0.094 0.009166666667 0.002)
(0.096 0.009166666667 0.002)
(0.098 0.009166666667 0.002)
(0.1 0.009166666667 0.002)
(0 0.01 0.002)
(0.002 0.01 0.002)
(0.004 0.01 0.002)
(0.006 0.01 0.002)
(0.008 0.01 0.002)
(0.01 0.01 0.002)
(0.012 0.01 0.002)
(0.014 0.01 0.002)
(0.016 0.01 0.002)
(0.018 0.01 0.002)
(0.02 0.01 0.002)
(0.022 0.01 0.002)
(0.024 0.01 0.002)
(0.026 0.01 0.002)
(0.028 0.01 0.002)
(0.03 0.01 0.002)
(0.032 0.01 0.002)
(0.034 0.01 0.002)
(0.036 0.01 0.002)
(0.038 0.01 0.002)
(0.04 0.01 0.002)
(0.042 0.01 0.002)
(0.044 0.01 0.002)
(0.046 0.01 0.002)
(0.048 0.01 0.002)
(0.05 0.01 0.002)
(0.052 0.01 0.002)
(0.054 0.01 0.002)
(0.056 0.01 0.002)
(0.058 0.01 0.002)
(0.06 0.01 0.002)
(0.062 0.01 0.002)
(0.064 0.01 0.002)
(0.066 0.01 0.002)
(0.068 0.01 0.002)
(0.07 0.01 0.002)
(0.072 0.01 0.002)
(0.074 0.01 0.002)
(0.076 0.01 0.002)
(0.078 0.01 0.002)
(0.08 0.01 0.002)
(0.082 0.01 0.002)
(0.084 0.01 0.002)
(0.086 0.01 0.002)
(0.088 0.01 0.002)
(0.09 0.01 0.002)
(0.092 0.01 0.002)
(0.094 0.01 0.002)
(0.096 0.01 0.002)
(0.098 0.01 0.002)
(0.1 0.01 0.002)
)


// ************************************************************************* //
