/*--------------------------------*- C++ -*----------------------------------*\
| =========                 |                                                 |
| \\      /  F ield         | OpenFOAM: The Open Source CFD Toolbox           |
|  \\    /   O peration     | Version:  2512                                  |
|   \\  /    A nd           | Website:  www.openfoam.com                      |
|    \\/     M anipulation  |                                                 |
\*---------------------------------------------------------------------------*/
FoamFile
{
    version     2.0;
    format      ascii;
    arch        "LSB;label=32;scalar=64";
    class       cellSet;
    location    "constant/polyMesh/sets";
    object      twoInternalFacesCells;
}
// * * * * * * * * * * * * * * * * * * * * * * * * * * * * * * * * * * * * * //


852
(
32772
22534
32775
34823
38919
24586
18446
24590
38927
24595
38931
57364
24597
24598
2072
57368
34843
30748
38940
34847
38943
32800
24609
32803
45094
24615
34857
34860
26670
38958
34863
32816
34865
26674
38963
49203
45108
49208
24633
32826
24637
49213
53309
2110
49214
32833
38977
49218
53314
24645
45126
45129
53322
22603
32843
45131
22604
18512
22608
24656
26704
2129
4177
20562
45139
24665
45145
20570
61534
34911
45151
55392
61536
45153
20580
55398
32874
49261
20591
49264
53362
61556
8311
8312
51320
45177
57466
45181
45183
39041
51334
57478
39052
30867
61590
24727
39063
152
39064
18588
49311
61599
61601
61603
39078
8360
6313
39081
8364
39087
39093
39100
39107
61635
45252
35013
45254
59592
57547
10446
39119
45265
4307
12499
30936
51416
45273
45274
12507
30939
61660
30941
12516
59620
24805
12521
45291
30956
59628
4333
30958
57583
6384
61681
6387
45302
30969
12538
45306
55546
57594
24829
57601
57606
2312
2313
24848
65815
4376
57628
59678
59680
39204
39207
39213
39218
55603
39220
55605
10550
39223
55607
39224
55615
10560
10563
39237
61769
10572
37197
10574
37200
61777
10582
59737
39263
39268
39271
59752
55660
59761
59762
373
59765
61813
55671
59767
39290
12669
59774
39295
55681
2437
29061
55685
8582
59783
29064
61833
8586
47498
39307
61836
39309
39310
47503
39312
39314
39315
61843
29080
10649
39321
55705
59801
55710
10657
12707
8612
10660
29092
10661
8614
37287
39335
29096
37291
59820
29101
10670
61871
29104
12721
29105
10674
8627
29110
61878
39352
8633
29115
29116
37308
29118
8639
59839
33216
33218
37316
8645
33221
55750
61894
8647
61897
8651
33227
51660
61901
33231
55761
8658
61906
29139
55765
33238
8664
55769
55770
29147
33244
29149
27102
61918
8679
16872
47593
47594
51690
59883
33260
33261
61933
8687
16880
47600
27122
47602
8691
27124
55796
16885
12795
16891
53756
12798
2559
16895
8704
16897
39426
61954
12803
12804
16900
53765
10758
37384
12810
10775
12823
27160
10779
16926
10784
27169
10787
10791
35368
10805
16949
51765
10807
39481
59961
16954
10812
6717
8765
10814
10815
16959
16965
8774
6729
16969
6730
16974
53841
57937
16978
31321
12890
31324
33373
607
608
8801
10850
8804
31336
31340
31341
39533
53869
27247
31345
37489
12916
27252
31355
31370
43667
53910
43673
674
25252
25258
15020
15022
15023
25265
53940
15029
25270
15037
15045
15046
4808
56014
56017
56022
15066
2779
15074
64228
15076
37606
54001
15091
8948
64245
8951
64249
15099
15103
56066
8963
43781
43785
51978
15115
56075
8975
35599
43791
62226
56084
51993
62233
17178
62236
62237
52000
64290
13092
15140
62244
2858
62254
9010
4916
62260
2870
27455
62273
37699
62277
52055
52056
52066
62312
62313
52074
19308
52076
19310
879
35697
52082
43892
35701
52085
43894
62332
62334
52095
62338
19333
62345
17294
19343
17298
11161
17306
2973
17309
17310
11167
2977
11171
17316
17318
62375
2983
11176
19371
11183
11188
52159
11202
43970
43972
21447
11211
5070
11214
39886
3027
39892
5077
39894
35800
39898
39903
5088
39905
19427
5098
35821
5118
44037
44047
42002
42003
5143
44055
42008
35889
35892
64566
25663
25667
17479
64584
64585
17481
25674
17483
25679
35923
35927
17496
17499
35938
60517
35942
35943
60519
3181
17519
17521
60531
60535
35961
60539
42112
42120
35989
35995
36000
19628
62637
42157
62642
15539
42163
15540
62646
5303
62648
15544
15546
15547
3261
62655
36035
27853
13518
27854
13519
15568
27857
15574
15575
9446
38120
15594
13549
5361
15602
15604
9461
15605
36089
23805
21758
23807
9472
19715
7428
15621
15625
13578
19723
19726
9489
19731
9494
23830
19736
23833
13596
42268
9501
13599
58657
40228
40231
7466
13611
27948
13613
27952
50487
40252
66878
42305
50498
30022
66888
27978
66891
50509
5455
5458
27993
40286
40290
13670
58734
13680
50547
50548
28022
28027
66952
3467
42380
7574
44439
44441
58777
44444
58782
11679
40355
44456
44458
60850
13747
17844
44473
40378
40385
67013
13766
13768
30158
44494
67024
3537
60884
44502
13783
44505
26077
44511
26081
13794
54755
44516
54756
13797
17895
60904
26089
54761
58857
13802
13805
26094
58869
67076
44548
44549
58886
5639
44552
54792
67083
44556
67085
13837
22029
65041
13842
7706
1564
13852
44572
17949
54824
65065
7723
13870
13876
54838
5694
65097
32330
32333
65114
32347
32352
56941
32366
56942
32367
56946
54902
36471
32376
32379
36476
54910
36490
36493
20113
32404
56981
56985
56987
50844
20132
50859
30380
20141
50862
36533
54967
54969
3770
24253
54976
24258
54978
24261
54981
57032
24280
24291
55018
55019
24303
55032
55035
28414
42750
55041
28423
7950
7952
7954
22291
36636
28446
36642
36643
28452
46885
55077
22314
61227
61232
61242
7995
22333
55101
55102
59204
22347
55115
55118
55120
1878
59223
55133
55143
59240
12137
55145
49002
59242
12141
49006
12143
12147
44916
44919
55159
55163
44924
46972
55168
44929
8068
55175
55176
44937
12171
44941
12174
44944
3986
57260
44975
44976
57264
44977
34739
57267
65460
24500
44980
65463
65470
32704
44995
55235
8142
61400
45017
22490
4060
22494
53218
65508
2022
22502
57318
53223
57320
2025
34794
34796
32749
53229
57325
30702
32752
53232
2035
30709
53237
34806
34807
38903
30713
32761
32762
24571
)


// ************************************************************************* //
